w	up_1	up_2	up_3	cumul_up_1	cumul_up_2	cumul_up_3	
-25	0.000150873	0.000146394	0.000146394	0	0	0
-24.965	0.000152456	0.000147163	0.000147164	5.34131e-06	5.15588e-06	5.1559e-06
-24.9299	0.000154111	0.000147942	0.000147942	1.07406e-05	1.0339e-05	1.03391e-05
-24.8949	0.000155845	0.000148729	0.00014873	1.62006e-05	1.55498e-05	1.55498e-05
-24.8599	0.000157669	0.000149526	0.000149526	2.17246e-05	2.07884e-05	2.07885e-05
-24.8248	0.000159595	0.000150332	0.000150333	2.7316e-05	2.60553e-05	2.60554e-05
-24.7898	0.000161636	0.00015115	0.000151151	3.29789e-05	3.13508e-05	3.1351e-05
-24.7548	0.000163812	0.000151978	0.00015198	3.87181e-05	3.66754e-05	3.66756e-05
-24.7197	0.000166141	0.00015282	0.000152821	4.45388e-05	4.20294e-05	4.20297e-05
-24.6847	0.000168652	0.000153674	0.000153676	5.04476e-05	4.74134e-05	4.74137e-05
-24.6496	0.000171377	0.000154544	0.000154546	5.64518e-05	5.28279e-05	5.28282e-05
-24.6146	0.000174357	0.000155431	0.000155433	6.25604e-05	5.82734e-05	5.82738e-05
-24.5796	0.000177644	0.000156337	0.000156339	6.87841e-05	6.37507e-05	6.37512e-05
-24.5445	0.000181308	0.000157265	0.000157268	7.51363e-05	6.92605e-05	6.9261e-05
-24.5095	0.000185438	0.00015822	0.000158222	8.16331e-05	7.48037e-05	7.48044e-05
-24.4745	0.000190155	0.000159206	0.000159209	8.82952e-05	8.03815e-05	8.03822e-05
-24.4394	0.000195621	0.000160231	0.000160234	9.51488e-05	8.59952e-05	8.59961e-05
-24.4044	0.000202066	0.000161304	0.000161308	0.000102228	9.16465e-05	9.16475e-05
-24.3694	0.000209813	0.000162441	0.000162446	0.000109579	9.73376e-05	9.73388e-05
-24.3343	0.000219336	0.000163661	0.000163668	0.000117263	0.000103071	0.000103073
-24.2993	0.000231346	0.000164998	0.000165006	0.000125369	0.000108852	0.000108854
-24.2643	0.000246942	0.000166499	0.000166509	0.00013402	0.000114685	0.000114688
-24.2292	0.000267861	0.000168243	0.000168255	0.000143405	0.00012058	0.000120582
-24.1942	0.000296902	0.000170355	0.00017037	0.000153807	0.000126548	0.000126551
-24.1592	0.000338465	0.000173033	0.000173053	0.000165665	0.00013261	0.000132614
-24.1241	0.000398569	0.000176547	0.000176574	0.000179629	0.000138796	0.0001388
-24.0891	0.000480942	0.000181058	0.000181095	0.000196479	0.000145139	0.000145145
-24.0541	0.000571146	0.000185888	0.000185941	0.000216489	0.000151652	0.00015166
-24.019	0.000622872	0.000188885	0.000188962	0.000238311	0.000158269	0.00015828
-23.984	0.000615485	0.000189063	0.000189179	0.000259875	0.000164893	0.000164908
-23.9489	0.00059955	0.000188682	0.000188858	0.00028088	0.000171504	0.000171524
-23.9139	0.000622902	0.000189858	0.000190118	0.000302703	0.000178155	0.000178185
-23.8789	0.000696173	0.000193055	0.000193382	0.000327094	0.000184919	0.00018496
-23.8438	0.000788462	0.000197109	0.000197346	0.000354718	0.000191825	0.000191874
-23.8088	0.000823207	0.000199078	0.000198993	0.000383559	0.000198799	0.000198846
-23.7738	0.000764388	0.000197393	0.000197062	0.000410339	0.000205715	0.00020575
-23.7387	0.00066891	0.000194196	0.000193863	0.000433774	0.000212519	0.000212542
-23.7037	0.000578748	0.000191441	0.000191196	0.000454051	0.000219226	0.000219241
-23.6687	0.00049417	0.000189379	0.000189215	0.000471364	0.000225861	0.00022587
-23.6336	0.000421937	0.000188022	0.000187913	0.000486147	0.000232448	0.000232453
-23.5986	0.000368885	0.000187357	0.000187282	0.00049907	0.000239012	0.000239015
-23.5636	0.000332634	0.000187229	0.000187176	0.000510724	0.000245572	0.000245573
-23.5285	0.000308189	0.000187473	0.000187435	0.000521522	0.00025214	0.000252139
-23.4935	0.000291588	0.000187968	0.00018794	0.000531738	0.000258725	0.000258724
-23.4585	0.000280227	0.000188638	0.000188617	0.000541555	0.000265334	0.000265332
-23.4234	0.000272462	0.000189432	0.000189416	0.000551101	0.000271971	0.000271968
-23.3884	0.000267247	0.000190319	0.000190306	0.000560464	0.000278639	0.000278636
-23.3534	0.000263902	0.000191278	0.000191268	0.00056971	0.00028534	0.000285337
-23.3183	0.000261976	0.000192295	0.000192288	0.000578888	0.000292077	0.000292073
-23.2833	0.000261164	0.000193362	0.000193356	0.000588038	0.000298852	0.000298848
-23.2482	0.000261255	0.000194471	0.000194467	0.000597191	0.000305665	0.000305661
-23.2132	0.000262105	0.000195619	0.000195616	0.000606374	0.000312519	0.000312514
-23.1782	0.000263617	0.000196803	0.0001968	0.00061561	0.000319414	0.000319409
-23.1431	0.000265726	0.000198021	0.000198019	0.00062492	0.000326351	0.000326347
-23.1081	0.000268394	0.000199273	0.000199272	0.000634323	0.000333333	0.000333328
-23.0731	0.000271606	0.000200559	0.000200558	0.000643838	0.00034036	0.000340355
-23.038	0.000275364	0.00020188	0.00020188	0.000653486	0.000347432	0.000347428
-23.003	0.000279691	0.000203238	0.000203239	0.000663285	0.000354553	0.000354548
-22.968	0.000284627	0.000204635	0.000204637	0.000673257	0.000361722	0.000361718
-22.9329	0.000290234	0.000206076	0.000206078	0.000683425	0.000368942	0.000368938
-22.8979	0.0002966	0.000207565	0.000207568	0.000693817	0.000376214	0.00037621
-22.8629	0.000303846	0.00020911	0.000209114	0.000704462	0.00038354	0.000383536
-22.8278	0.000312134	0.000210719	0.000210723	0.000715397	0.000390923	0.000390919
-22.7928	0.000321685	0.000212404	0.000212409	0.000726668	0.000398365	0.000398361
-22.7578	0.000332797	0.000214182	0.000214188	0.000738327	0.000405868	0.000405865
-22.7227	0.000345889	0.000216075	0.000216083	0.000750445	0.000413439	0.000413435
-22.6877	0.000361545	0.000218115	0.000218125	0.000763112	0.00042108	0.000421077
-22.6527	0.000380611	0.00022035	0.000220361	0.000776447	0.0004288	0.000428797
-22.6176	0.000404341	0.000222846	0.000222861	0.000790613	0.000436608	0.000436605
-22.5826	0.00043464	0.00022571	0.000225728	0.000805841	0.000444515	0.000444514
-22.5475	0.000474493	0.000229108	0.000229129	0.000822464	0.000452542	0.000452541
-22.5125	0.000528676	0.000233303	0.00023333	0.000840987	0.000460716	0.000460716
-22.4775	0.000604847	0.000238723	0.000238757	0.000862177	0.00046908	0.000469081
-22.4424	0.00071453	0.000246012	0.000246054	0.000887211	0.000477699	0.000477701
-22.4074	0.000870433	0.000255874	0.000255928	0.000917707	0.000486663	0.000486668
-22.3724	0.00106663	0.000267951	0.000268021	0.000955076	0.000496051	0.000496058
-22.3373	0.00123101	0.000278125	0.000278221	0.000998205	0.000505795	0.000505805
-22.3023	0.00125495	0.000280197	0.000280332	0.00104217	0.000515612	0.000515627
-22.2673	0.0011708	0.000275936	0.000276132	0.00108319	0.000525279	0.000525301
-22.2322	0.00110397	0.000272334	0.000272621	0.00112187	0.00053482	0.000534852
-22.1972	0.00111831	0.000272817	0.000273249	0.00116105	0.000544378	0.000544426
-22.1622	0.00123405	0.000278236	0.000278895	0.00120428	0.000554126	0.000554197
-22.1271	0.00147068	0.00028927	0.000290252	0.00125581	0.000564261	0.000564366
-22.0921	0.00184273	0.000306356	0.000307639	0.00132037	0.000574994	0.000575144
-22.0571	0.0022902	0.000326503	0.000327565	0.00140061	0.000586433	0.00058662
-22.022	0.00259681	0.000339605	0.000339464	0.00149159	0.000598331	0.000598513
-21.987	0.00254082	0.0003362	0.000334896	0.0015806	0.00061011	0.000610246
-21.952	0.00215938	0.000320079	0.000318622	0.00165626	0.000621324	0.000621409
-21.9169	0.00169326	0.000302252	0.000301147	0.00171558	0.000631914	0.00063196
-21.8819	0.0013165	0.000288825	0.000288076	0.0017617	0.000642033	0.000642053
-21.8468	0.00105641	0.000280205	0.000279705	0.00179872	0.00065185	0.000651852
-21.8118	0.00088386	0.000275061	0.00027472	0.00182968	0.000661486	0.000661477
-21.7768	0.000768706	0.000272186	0.000271947	0.00185661	0.000671022	0.000671005
-21.7417	0.000690395	0.00027078	0.000270607	0.0018808	0.000680509	0.000680486
-21.7067	0.000636125	0.000270345	0.000270216	0.00190309	0.000689981	0.000689953
-21.6717	0.000597995	0.000270574	0.000270476	0.00192404	0.00069946	0.000699429
-21.6366	0.000571044	0.000271274	0.000271198	0.00194405	0.000708964	0.00070893
-21.6016	0.000552075	0.000272319	0.000272259	0.00196339	0.000718505	0.000718469
-21.5666	0.000538978	0.000273628	0.000273579	0.00198227	0.000728092	0.000728054
-21.5315	0.00053032	0.000275144	0.000275104	0.00200085	0.000737731	0.000737692
-21.4965	0.00052511	0.000276828	0.000276795	0.00201925	0.00074743	0.000747389
-21.4615	0.000522648	0.000278653	0.000278625	0.00203756	0.000757193	0.000757151
-21.4264	0.000522432	0.0002806	0.000280577	0.00205586	0.000767023	0.000766981
-21.3914	0.000524098	0.000282655	0.000282635	0.00207422	0.000776926	0.000776883
-21.3564	0.000527379	0.000284809	0.000284792	0.0020927	0.000786905	0.000786861
-21.3213	0.000532081	0.000287055	0.00028704	0.00211134	0.000796962	0.000796917
-21.2863	0.00053806	0.000289387	0.000289375	0.00213019	0.0008071	0.000807056
-21.2513	0.000545217	0.000291805	0.000291794	0.00214929	0.000817324	0.000817279
-21.2162	0.00055348	0.000294305	0.000294295	0.00216869	0.000827635	0.000827589
-21.1812	0.000562803	0.000296888	0.00029688	0.0021884	0.000838036	0.00083799
-21.1461	0.000573161	0.000299555	0.000299547	0.00220848	0.000848531	0.000848485
-21.1111	0.000584547	0.000302306	0.0003023	0.00222896	0.000859122	0.000859076
-21.0761	0.000596968	0.000305145	0.000305139	0.00224988	0.000869813	0.000869767
-21.041	0.000610444	0.000308074	0.000308069	0.00227127	0.000880606	0.00088056
-21.006	0.000625009	0.000311097	0.000311093	0.00229316	0.000891506	0.000891459
-20.971	0.000640709	0.000314218	0.000314215	0.00231561	0.000902514	0.000902468
-20.9359	0.000657601	0.000317444	0.000317441	0.00233865	0.000913636	0.000913589
-20.9009	0.000675757	0.00032078	0.000320778	0.00236232	0.000924875	0.000924828
-20.8659	0.00069526	0.000324232	0.000324231	0.00238668	0.000936234	0.000936187
-20.8308	0.000716209	0.00032781	0.000327809	0.00241178	0.000947719	0.000947672
-20.7958	0.000738718	0.000331522	0.000331521	0.00243766	0.000959334	0.000959287
-20.7608	0.000762917	0.000335378	0.000335378	0.00246438	0.000971084	0.000971037
-20.7257	0.000788959	0.00033939	0.000339391	0.00249203	0.000982974	0.000982927
-20.6907	0.000817017	0.000343572	0.000343574	0.00252065	0.000995011	0.000994964
-20.6557	0.000847291	0.000347938	0.000347941	0.00255034	0.0010072	0.00100715
-20.6206	0.000880011	0.000352507	0.00035251	0.00258117	0.00101955	0.0010195
-20.5856	0.000915441	0.000357297	0.000357302	0.00261324	0.00103207	0.00103202
-20.5506	0.000953888	0.000362333	0.000362339	0.00264666	0.00104476	0.00104472
-20.5155	0.000995707	0.000367641	0.000367648	0.00268154	0.00105764	0.0010576
-20.4805	0.00104131	0.000373252	0.000373261	0.00271803	0.00107072	0.00107068
-20.4454	0.00109119	0.000379202	0.000379212	0.00275626	0.00108401	0.00108396
-20.4104	0.0011459	0.000385534	0.000385546	0.0027964	0.00109751	0.00109747
-20.3754	0.00120613	0.000392298	0.000392312	0.00283866	0.00111126	0.00111121
-20.3403	0.00127267	0.000399554	0.000399571	0.00288325	0.00112526	0.00112521
-20.3053	0.00134649	0.000407374	0.000407394	0.00293042	0.00113953	0.00113949
-20.2703	0.00142873	0.000415845	0.000415868	0.00298048	0.0011541	0.00115406
-20.2352	0.00152083	0.000425073	0.0004251	0.00303376	0.00116899	0.00116895
-20.2002	0.00162449	0.000435187	0.000435219	0.00309067	0.00118424	0.0011842
-20.1652	0.00174188	0.00044635	0.000446388	0.0031517	0.00119987	0.00119984
-20.1301	0.00187568	0.000458765	0.000458811	0.00321741	0.00121595	0.00121591
-20.0951	0.00202931	0.000472692	0.000472747	0.00328851	0.00123251	0.00123247
-20.0601	0.00220717	0.000488466	0.000488531	0.00336584	0.00124962	0.00124959
-20.025	0.002415	0.000506527	0.000506605	0.00345045	0.00126737	0.00126734
-19.99	0.00266044	0.000527463	0.000527557	0.00354366	0.00128585	0.00128582
-19.955	0.00295384	0.000552075	0.00055219	0.00364715	0.00130519	0.00130517
-19.9199	0.00330954	0.000581481	0.000581622	0.0037631	0.00132556	0.00132554
-19.8849	0.00374791	0.000617281	0.000617455	0.0038944	0.00134719	0.00134718
-19.8498	0.00429864	0.000661823	0.00066204	0.00404501	0.00137038	0.00137037
-19.8148	0.00500631	0.00071866	0.000718933	0.0042204	0.00139555	0.00139556
-19.7798	0.00593978	0.000793323	0.00079367	0.0044285	0.00142335	0.00142336
-19.7447	0.0072075	0.000894577	0.000895022	0.00468102	0.00145469	0.00145472
-19.7097	0.00897911	0.00103619	0.00103677	0.0049956	0.00149099	0.00149105
-19.6747	0.0114955	0.00123762	0.00123839	0.00539835	0.00153435	0.00153443
-19.6396	0.014967	0.00151502	0.00151606	0.00592272	0.00158743	0.00158755
-19.6046	0.0190784	0.00183845	0.0018399	0.00659113	0.00165184	0.00165201
-19.5696	0.0223414	0.0020772	0.00207933	0.00737386	0.00172462	0.00172486
-19.5345	0.0237256	0.0021403	0.00214351	0.00820509	0.0017996	0.00179996
-19.4995	0.0249788	0.00216859	0.00217354	0.00908022	0.00187558	0.00187611
-19.4645	0.0284048	0.00234252	0.00235021	0.0100754	0.00195765	0.00195845
-19.4294	0.0351651	0.00274718	0.00275905	0.0113074	0.0020539	0.00205511
-19.3944	0.045108	0.00338599	0.00340317	0.0128878	0.00217252	0.00217434
-19.3594	0.055791	0.00413453	0.00415437	0.0148424	0.00231738	0.00231989
-19.3243	0.0630696	0.00472153	0.00473125	0.017052	0.0024828	0.00248565
-19.2893	0.0625278	0.00475808	0.00474247	0.0192427	0.0026495	0.0026518
-19.2543	0.0529668	0.00411379	0.00408066	0.0210984	0.00279362	0.00279477
-19.2192	0.0401532	0.00322354	0.00319182	0.0225052	0.00290656	0.00290659
-19.1842	0.0295276	0.00248645	0.00246329	0.0235397	0.00299367	0.00299289
-19.1491	0.0222019	0.00198175	0.00196613	0.0243175	0.0030631	0.00306178
-19.1141	0.0174414	0.00165765	0.00164716	0.0249286	0.00312118	0.00311949
-19.0791	0.0144182	0.00145631	0.00144914	0.0254337	0.0031722	0.00317026
-19.044	0.0125787	0.00133952	0.00133451	0.0258744	0.00321913	0.00321701
-19.009	0.0116116	0.00128634	0.00128278	0.0262812	0.0032642	0.00326195
-18.974	0.0113801	0.00128864	0.00128608	0.0266799	0.00330935	0.00330701
-18.9389	0.0118883	0.001349	0.00134717	0.0270964	0.00335661	0.00335421
-18.9039	0.0132826	0.00148141	0.00148012	0.0275618	0.00340851	0.00340607
-18.8689	0.0158705	0.00171293	0.00171205	0.0281178	0.00346852	0.00346605
-18.8338	0.0200641	0.00207756	0.002077	0.0288207	0.00354131	0.00353881
-18.7988	0.0258933	0.002569	0.0025687	0.0297279	0.00363131	0.00362881
-18.7638	0.0316932	0.00301943	0.00301941	0.0308383	0.0037371	0.00373459
-18.7287	0.0341919	0.00313063	0.00313099	0.0320362	0.00384678	0.00384429
-18.6937	0.032249	0.00286208	0.00286294	0.0331661	0.00394705	0.00394459
-18.6587	0.0270916	0.00241169	0.00241315	0.0341152	0.00403155	0.00402914
-18.6236	0.0209805	0.00196477	0.00196695	0.0348503	0.00410038	0.00409805
-18.5886	0.0159693	0.00162559	0.00162866	0.0354097	0.00415734	0.00415511
-18.5536	0.0125315	0.00140178	0.00140599	0.0358488	0.00420645	0.00420437
-18.5185	0.0103453	0.00126524	0.00127097	0.0362112	0.00425078	0.0042489
-18.4835	0.00904471	0.00119111	0.00119898	0.0365281	0.00429251	0.0042909
-18.4484	0.0083997	0.00116524	0.00117623	0.0368224	0.00433333	0.00433211
-18.4134	0.00831203	0.00118309	0.00119879	0.0371136	0.00437478	0.00437411
-18.3784	0.00879738	0.00124896	0.00127197	0.0374218	0.00441854	0.00441867
-18.3433	0.00998426	0.00137652	0.00141098	0.0377716	0.00446676	0.00446811
-18.3083	0.0121014	0.00158834	0.00163994	0.0381956	0.00452241	0.00452556
-18.2733	0.0153086	0.00190127	0.00197358	0.0387319	0.00458902	0.00459471
-18.2382	0.0190669	0.00227054	0.00235039	0.0393999	0.00466857	0.00467705
-18.2032	0.0216533	0.0025438	0.00258725	0.0401586	0.00475769	0.0047677
-18.1682	0.0217856	0.0025954	0.00256694	0.0409218	0.00484862	0.00485763
-18.1331	0.0194154	0.00239568	0.0023201	0.041602	0.00493256	0.00493892
-18.0981	0.0154347	0.00202211	0.00194698	0.0421428	0.0050034	0.00500713
-18.0631	0.0116063	0.00165596	0.00160059	0.0425494	0.00506142	0.00506321
-18.028	0.00876324	0.00138505	0.0013478	0.0428564	0.00510994	0.00511043
-17.993	0.00682186	0.0012027	0.00117784	0.0430955	0.00515208	0.00515169
-17.958	0.00550319	0.00108166	0.00106473	0.0432883	0.00518997	0.00518899
-17.9229	0.00458756	0.0010003	0.000988435	0.043449	0.00522502	0.00522362
-17.8879	0.00393341	0.000944646	0.000936097	0.0435868	0.00525812	0.00525642
-17.8529	0.00345311	0.000906077	0.000899759	0.0437078	0.00528986	0.00528794
-17.8178	0.00309193	0.000879222	0.00087445	0.0438161	0.00532066	0.00531858
-17.7828	0.00281497	0.000860666	0.000856994	0.0439147	0.00535082	0.0053486
-17.7477	0.00259931	0.000848175	0.000845306	0.0440058	0.00538053	0.00537822
-17.7127	0.00242953	0.000840253	0.000837984	0.0440909	0.00540997	0.00540758
-17.6777	0.00229499	0.000835875	0.000834065	0.0441713	0.00543926	0.0054368
-17.6426	0.0021882	0.000834325	0.000832872	0.044248	0.00546849	0.00546598
-17.6076	0.00210379	0.000835093	0.000833924	0.0443217	0.00549774	0.0054952
-17.5726	0.0020379	0.000837816	0.000836878	0.0443931	0.0055271	0.00552452
-17.5375	0.0019877	0.000842235	0.000841488	0.0444627	0.0055566	0.005554
-17.5025	0.00195113	0.000848165	0.000847579	0.0445311	0.00558632	0.00558369
-17.4675	0.00192675	0.00085548	0.000855035	0.0445986	0.00561629	0.00561365
-17.4324	0.00191354	0.000864102	0.00086378	0.0446656	0.00564657	0.00564391
-17.3974	0.00191091	0.000873989	0.000873779	0.0447326	0.00567719	0.00567452
-17.3624	0.00191858	0.000885135	0.00088503	0.0447998	0.0057082	0.00570553
-17.3273	0.0019366	0.000897565	0.000897561	0.0448676	0.00573964	0.00573698
-17.2923	0.00196533	0.000911339	0.000911434	0.0449365	0.00577157	0.00576891
-17.2573	0.00200546	0.000926549	0.000926746	0.0450068	0.00580403	0.00580138
-17.2222	0.00205806	0.000943331	0.000943635	0.0450789	0.00583708	0.00583444
-17.1872	0.0021247	0.000961868	0.000962286	0.0451533	0.00587078	0.00586815
-17.1522	0.00220749	0.000982404	0.000982949	0.0452306	0.0059052	0.00590259
-17.1171	0.00230933	0.00100526	0.00100595	0.0453115	0.00594042	0.00593783
-17.0821	0.00243412	0.00103087	0.00103173	0.0453968	0.00597654	0.00597398
-17.047	0.00258718	0.00105981	0.00106086	0.0454875	0.00601367	0.00601115
-17.012	0.00277587	0.00109284	0.00109412	0.0455847	0.00605196	0.00604948
-16.977	0.00301043	0.00113104	0.00113261	0.0456902	0.00609158	0.00608916
-16.9419	0.00330552	0.0011759	0.00117782	0.045806	0.00613278	0.00613043
-16.9069	0.00368257	0.00122956	0.00123192	0.045935	0.00617586	0.00617359
-16.8719	0.00417365	0.00129518	0.00129812	0.0460812	0.00622123	0.00621907
-16.8368	0.00482825	0.00137754	0.00138123	0.0462504	0.0062695	0.00626746
-16.8018	0.00572442	0.00148405	0.00148876	0.046451	0.00632149	0.00631962
-16.7668	0.00698662	0.00162638	0.00163249	0.0466957	0.00637847	0.00637681
-16.7317	0.00880673	0.00182236	0.00183044	0.0470043	0.00644232	0.00644094
-16.6967	0.0114305	0.00209519	0.00210609	0.0474047	0.00651572	0.00651473
-16.6617	0.0149463	0.00245642	0.00247146	0.0479284	0.00660178	0.00660132
-16.6266	0.0186371	0.00285543	0.00287654	0.0485813	0.00670182	0.00670209
-16.5916	0.020956	0.00318769	0.00321778	0.0493155	0.0068135	0.00681483
-16.5566	0.0220223	0.00349932	0.0035433	0.0500871	0.0069361	0.00693897
-16.5215	0.0239734	0.00398813	0.00405359	0.050927	0.00707583	0.00708099
-16.4865	0.0277987	0.0047163	0.00481006	0.0519009	0.00724106	0.00724951
-16.4515	0.0317823	0.00541907	0.00552775	0.0530144	0.00743092	0.00744317
-16.4164	0.032786	0.00565952	0.00572106	0.0541631	0.0076292	0.00764361
-16.3814	0.030064	0.00534618	0.00530435	0.0552164	0.0078165	0.00782945
-16.3463	0.0249608	0.00465359	0.00454674	0.0560909	0.00797954	0.00798874
-16.3113	0.0192044	0.00383318	0.00372995	0.0567637	0.00811384	0.00811942
-16.2763	0.014418	0.00314547	0.00307041	0.0572688	0.00822404	0.00822699
-16.2412	0.0110274	0.00266416	0.00261384	0.0576552	0.00831738	0.00831857
-16.2062	0.00873687	0.0023474	0.0023138	0.0579613	0.00839962	0.00839963
-16.1712	0.00718322	0.00214113	0.00211819	0.0582129	0.00847463	0.00847385
-16.1361	0.00610781	0.00200665	0.00199055	0.0584269	0.00854494	0.00854358
-16.1011	0.00534697	0.00191953	0.0019079	0.0586143	0.00861219	0.00861043
-16.0661	0.0047989	0.00186462	0.001856	0.0587824	0.00867752	0.00867545
-16.031	0.00439939	0.00183243	0.0018259	0.0589365	0.00874171	0.00873942
-15.996	0.00410696	0.00181688	0.00181184	0.0590804	0.00880537	0.0088029
-15.961	0.00389417	0.00181399	0.00181004	0.0592168	0.00886892	0.00886632
-15.9259	0.00374242	0.00182111	0.00181797	0.059348	0.00893273	0.00893001
-15.8909	0.00363894	0.00183645	0.00183393	0.0594755	0.00899707	0.00899426
-15.8559	0.00357478	0.00185881	0.00185677	0.0596007	0.00906219	0.00905931
-15.8208	0.00354372	0.00188738	0.00188573	0.0597248	0.00912831	0.00912538
-15.7858	0.0035414	0.00192168	0.00192033	0.0598489	0.00919564	0.00919266
-15.7508	0.0035649	0.00196141	0.00196031	0.0599738	0.00926436	0.00926134
-15.7157	0.00361236	0.00200647	0.00200559	0.0601004	0.00933465	0.0093316
-15.6807	0.00368282	0.00205691	0.00205621	0.0602294	0.00940672	0.00940364
-15.6456	0.00377604	0.00211291	0.00211237	0.0603617	0.00948074	0.00947765
-15.6106	0.00389245	0.00217479	0.00217439	0.0604981	0.00955694	0.00955383
-15.5756	0.00403316	0.00224298	0.00224271	0.0606394	0.00963552	0.0096324
-15.5405	0.00419993	0.00231808	0.00231794	0.0607865	0.00971673	0.00971361
-15.5055	0.00439528	0.00240087	0.00240084	0.0609405	0.00980085	0.00979772
-15.4705	0.00462259	0.0024923	0.00249239	0.0611025	0.00988817	0.00988505
-15.4354	0.00488628	0.00259359	0.00259381	0.0612736	0.00997903	0.00997592
-15.4004	0.00519207	0.00270629	0.00270663	0.0614556	0.0100738	0.0100707
-15.3654	0.00554736	0.00283232	0.0028328	0.0616499	0.0101731	0.01017
-15.3303	0.00596175	0.00297416	0.0029748	0.0618588	0.0102773	0.0102742
-15.2953	0.0064478	0.00313503	0.00313585	0.0620847	0.0103871	0.0103841
-15.2603	0.00702218	0.00331914	0.00332016	0.0623307	0.0105034	0.0105004
-15.2252	0.00770734	0.00353211	0.00353337	0.0626007	0.0106271	0.0106242
-15.1902	0.00853411	0.00378159	0.00378314	0.0628997	0.0107596	0.0107567
-15.1552	0.00954577	0.00407829	0.00408019	0.0632342	0.0109025	0.0108997
-15.1201	0.0108046	0.0044375	0.00443984	0.0636127	0.011058	0.0110552
-15.0851	0.0124028	0.00488176	0.00488464	0.0640472	0.011229	0.0112264
-15.0501	0.0144808	0.00544524	0.00544882	0.0645546	0.0114198	0.0114173
-15.015	0.0172581	0.00618121	0.00618568	0.0651592	0.0116364	0.011634
-14.98	0.0210825	0.00717378	0.00717941	0.0658978	0.0118877	0.0118855
-14.9449	0.0264889	0.00855208	0.00855925	0.0668259	0.0121873	0.0121854
-14.9099	0.0341705	0.0104831	0.0104924	0.068023	0.0125546	0.012553
-14.8749	0.0444316	0.0130395	0.0130518	0.0695797	0.0130114	0.0130103
-14.8398	0.0554416	0.0157769	0.0157941	0.0715221	0.0135642	0.0135636
-14.8048	0.0626621	0.0176031	0.0176284	0.0737175	0.0141809	0.0141812
-14.7698	0.0647398	0.0182329	0.0182714	0.0759856	0.0148197	0.0148214
-14.7347	0.0666895	0.0189243	0.018983	0.0783221	0.0154827	0.0154864
-14.6997	0.073994	0.021	0.0210899	0.0809145	0.0162184	0.0162253
-14.6647	0.0889849	0.0250681	0.0252034	0.0840321	0.0170967	0.0171083
-14.6296	0.109803	0.0308522	0.031039	0.087879	0.0181776	0.0181958
-14.5946	0.129666	0.036851	0.0370512	0.0924219	0.0194687	0.0194939
-14.5596	0.141921	0.0410557	0.0411607	0.0973941	0.0209071	0.0209359
-14.5245	0.144871	0.0421378	0.0420695	0.10247	0.0223834	0.0224098
-14.4895	0.141005	0.0403214	0.0401382	0.10741	0.023796	0.0238161
-14.4545	0.134127	0.0371491	0.0369318	0.112109	0.0250975	0.02511
-14.4194	0.124669	0.0335515	0.0333289	0.116477	0.026273	0.0262777
-14.3844	0.10986	0.0293765	0.0291528	0.120326	0.0273022	0.027299
-14.3493	0.0897415	0.0246695	0.0244572	0.12347	0.0281665	0.0281559
-14.3143	0.0694187	0.0203007	0.0201252	0.125902	0.0288778	0.028861
-14.2793	0.0533061	0.0170052	0.0168771	0.127769	0.0294735	0.0294523
-14.2442	0.0420737	0.0148383	0.0147497	0.129243	0.0299934	0.029969
-14.2092	0.0345948	0.0135416	0.0134807	0.130456	0.0304678	0.0304413
-14.1742	0.0296942	0.0128683	0.0128261	0.131496	0.0309187	0.0308907
-14.1391	0.0265673	0.0126579	0.0126288	0.132427	0.0313621	0.0313331
-14.1041	0.0247299	0.0128237	0.0128041	0.133293	0.0318114	0.0317817
-14.0691	0.0239175	0.0133327	0.0133204	0.134131	0.0322785	0.0322484
-14.034	0.0240208	0.0141954	0.014189	0.134973	0.0327759	0.0327455
-13.999	0.0250586	0.0154646	0.0154635	0.135851	0.0333177	0.0332873
-13.964	0.0271847	0.0172456	0.0172497	0.136803	0.0339219	0.0338916
-13.9289	0.0307256	0.019718	0.0197276	0.137879	0.0346127	0.0345828
-13.8939	0.0362432	0.0231718	0.0231878	0.139149	0.0354245	0.0353952
-13.8589	0.0445421	0.0280444	0.0280683	0.14071	0.036407	0.0363786
-13.8238	0.0562788	0.0348792	0.0349134	0.142681	0.037629	0.0376017
-13.7888	0.0706475	0.0440398	0.0440865	0.145157	0.039172	0.0391463
-13.7538	0.0846173	0.0553381	0.0553969	0.148121	0.0411108	0.0410872
-13.7187	0.0961352	0.0681412	0.0682081	0.151489	0.0434981	0.0434768
-13.6837	0.107133	0.0816117	0.0816818	0.155243	0.0463573	0.0463385
-13.6486	0.119457	0.0942371	0.0943104	0.159428	0.0496589	0.0496427
-13.6136	0.129064	0.102835	0.10292	0.16395	0.0532618	0.0532485
-13.5786	0.130271	0.105285	0.105397	0.168514	0.0569504	0.0569411
-13.5435	0.124375	0.103728	0.103891	0.172871	0.0605845	0.0605809
-13.5085	0.116551	0.101499	0.101741	0.176955	0.0641405	0.0641454
-13.4735	0.110585	0.100638	0.101003	0.180829	0.0676664	0.0676841
-13.4384	0.108503	0.102173	0.102702	0.18463	0.0712461	0.0712822
-13.4034	0.110999	0.106316	0.106977	0.188519	0.0749708	0.0750302
-13.3684	0.116206	0.111488	0.112058	0.19259	0.0788768	0.0789561
-13.3333	0.119319	0.114176	0.114391	0.196771	0.082877	0.0829638
-13.2983	0.117774	0.112741	0.11264	0.200897	0.0868269	0.0869101
-13.2633	0.113738	0.108953	0.108717	0.204882	0.0906441	0.090719
-13.2282	0.109576	0.104777	0.104512	0.208721	0.0943149	0.0943806
-13.1932	0.105072	0.100791	0.100521	0.212402	0.0978461	0.0979024
-13.1582	0.0976079	0.0964774	0.0961838	0.215822	0.101226	0.101272
-13.1231	0.0846148	0.0911414	0.0908122	0.218786	0.104419	0.104454
-13.0881	0.0677898	0.0852129	0.0848925	0.221161	0.107405	0.107428
-13.0531	0.0520155	0.080025	0.079771	0.222984	0.110208	0.110223
-13.018	0.0400047	0.0762875	0.0761094	0.224385	0.112881	0.112889
-12.983	0.0315796	0.0738495	0.0737295	0.225492	0.115469	0.115472
-12.9479	0.025723	0.0723462	0.0722652	0.226393	0.118003	0.118004
-12.9129	0.0215786	0.0714739	0.071419	0.227149	0.120507	0.120506
-12.8779	0.0185802	0.0710343	0.0709971	0.2278	0.122996	0.122994
-12.8428	0.0163738	0.0709047	0.07088	0.228373	0.12548	0.125477
-12.8078	0.0147404	0.0710109	0.0709954	0.22889	0.127968	0.127964
-12.7728	0.0135456	0.0713091	0.0713006	0.229364	0.130466	0.130462
-12.7377	0.0127108	0.0717762	0.0717734	0.22981	0.132981	0.132977
-12.7027	0.0121988	0.072404	0.0724062	0.230237	0.135518	0.135514
-12.6677	0.0120081	0.073196	0.0732029	0.230658	0.138082	0.138078
-12.6326	0.0121756	0.0741653	0.0741767	0.231084	0.14068	0.140677
-12.5976	0.0127863	0.075317	0.0753332	0.231532	0.143319	0.143316
-12.5626	0.013991	0.0766486	0.0766705	0.232022	0.146005	0.146003
-12.5275	0.0160236	0.0780923	0.0781214	0.232584	0.148741	0.14874
-12.4925	0.0191883	0.0796682	0.0797082	0.233256	0.151532	0.151532
-12.4575	0.0236819	0.0818486	0.0819051	0.234086	0.154399	0.154402
-12.4224	0.0288804	0.0852447	0.0853247	0.235098	0.157386	0.157391
-12.3874	0.0325917	0.0889392	0.0890486	0.23624	0.160502	0.160511
-12.3524	0.0332146	0.0908356	0.0909745	0.237403	0.163684	0.163698
-12.3173	0.0322156	0.0902761	0.0904406	0.238532	0.166847	0.166867
-12.2823	0.031517	0.0883206	0.0885119	0.239636	0.169941	0.169968
-12.2472	0.0310594	0.086572	0.0868012	0.240724	0.172974	0.173009
-12.2122	0.0306189	0.0865177	0.0867982	0.241797	0.176006	0.17605
-12.1772	0.0314372	0.0894041	0.0897235	0.242898	0.179138	0.179193
-12.1421	0.0339826	0.0948215	0.0950786	0.244089	0.18246	0.182524
-12.1071	0.0364308	0.099313	0.0993526	0.245365	0.185939	0.186005
-12.0721	0.036224	0.0990627	0.0988665	0.246634	0.18941	0.189469
-12.037	0.0323571	0.0942389	0.0939247	0.247768	0.192712	0.19276
-12.002	0.026289	0.0882665	0.0879635	0.248689	0.195804	0.195842
-11.967	0.0204922	0.0838888	0.0836617	0.249407	0.198743	0.198773
-11.9319	0.0160766	0.0814611	0.0813112	0.24997	0.201597	0.201621
-11.8969	0.0129414	0.080309	0.0802135	0.250424	0.204411	0.204432
-11.8619	0.010718	0.0798964	0.079834	0.250799	0.20721	0.207229
-11.8268	0.00910597	0.0799293	0.0798864	0.251118	0.21001	0.210027
-11.7918	0.00790373	0.0802469	0.0802155	0.251395	0.212822	0.212838
-11.7568	0.0069817	0.0807542	0.0807296	0.25164	0.215651	0.215666
-11.7217	0.00625663	0.0813944	0.0813737	0.251859	0.218503	0.218517
-11.6867	0.0056741	0.082133	0.0821145	0.252058	0.22138	0.221394
-11.6517	0.00519774	0.0829486	0.0829312	0.25224	0.224286	0.224299
-11.6166	0.00480265	0.0838289	0.0838117	0.252408	0.227223	0.227236
-11.5816	0.00447147	0.084765	0.0847476	0.252565	0.230193	0.230205
-11.5465	0.00419189	0.0857538	0.0857357	0.252712	0.233197	0.233209
-11.5115	0.00395508	0.0867928	0.0867738	0.25285	0.236238	0.236249
-11.4765	0.00375475	0.0878822	0.087862	0.252982	0.239317	0.239327
-11.4414	0.00358645	0.0890231	0.0890014	0.253107	0.242436	0.242445
-11.4064	0.0034472	0.0902175	0.0901941	0.253228	0.245597	0.245605
-11.3714	0.00333525	0.0914695	0.0914443	0.253345	0.248801	0.248809
-11.3363	0.00324994	0.0927808	0.0927536	0.253459	0.252052	0.252059
-11.3013	0.00319174	0.0941577	0.0941282	0.253571	0.255351	0.255356
-11.2663	0.00316237	0.0956061	0.0955742	0.253681	0.2587	0.258705
-11.2312	0.00316508	0.0971309	0.0970963	0.253792	0.262103	0.262107
-11.1962	0.00320521	0.0987382	0.0987006	0.253905	0.265563	0.265565
-11.1612	0.00329111	0.100436	0.100395	0.25402	0.269081	0.269082
-11.1261	0.00343578	0.102238	0.102193	0.25414	0.272663	0.272662
-11.0911	0.00365965	0.104161	0.104113	0.254269	0.276313	0.27631
-11.0561	0.00399501	0.106231	0.106179	0.254408	0.280034	0.28003
-11.021	0.00449227	0.108482	0.108424	0.254566	0.283835	0.283828
-10.986	0.00522443	0.110964	0.110901	0.254749	0.287723	0.287714
-10.951	0.00626757	0.113747	0.113679	0.254969	0.291708	0.291697
-10.9159	0.00758281	0.116872	0.116798	0.255234	0.295803	0.295789
-10.8809	0.00873698	0.120182	0.1201	0.25554	0.300013	0.299996
-10.8458	0.00897653	0.123293	0.123202	0.255855	0.304333	0.304313
-10.8108	0.00826303	0.126215	0.126112	0.256144	0.308755	0.308731
-10.7758	0.00735877	0.129434	0.129318	0.256402	0.313289	0.313262
-10.7407	0.00675475	0.133254	0.133122	0.256639	0.317958	0.317926
-10.7057	0.00651879	0.137732	0.137583	0.256867	0.322783	0.322746
-10.6707	0.00658696	0.142859	0.142691	0.257098	0.327788	0.327745
-10.6356	0.00689181	0.148566	0.148381	0.257339	0.332993	0.332944
-10.6006	0.00737323	0.154571	0.154378	0.257598	0.338409	0.338352
-10.5656	0.00794705	0.160024	0.159851	0.257876	0.344015	0.343953
-10.5305	0.00846828	0.16318	0.163074	0.258173	0.349732	0.349666
-10.4955	0.00877806	0.16227	0.162255	0.25848	0.355417	0.355351
-10.4605	0.0088531	0.157602	0.157651	0.25879	0.360939	0.360874
-10.4254	0.00879953	0.151167	0.151235	0.259099	0.366235	0.366172
-10.3904	0.00871499	0.144533	0.144598	0.259404	0.371299	0.371238
-10.3554	0.00864874	0.138383	0.138436	0.259707	0.376147	0.376088
-10.3203	0.00862424	0.132924	0.132964	0.260009	0.380804	0.380747
-10.2853	0.00865935	0.128214	0.128241	0.260313	0.385296	0.38524
-10.2503	0.0087767	0.124327	0.124342	0.26062	0.389652	0.389596
-10.2152	0.00900349	0.121449	0.121455	0.260936	0.393907	0.393851
-10.1802	0.00934245	0.119928	0.119932	0.261263	0.398109	0.398053
-10.1451	0.00969003	0.120002	0.12002	0.261602	0.402313	0.402258
-10.1101	0.00981896	0.120953	0.121004	0.261946	0.406551	0.406497
-10.0751	0.00962154	0.120848	0.12093	0.262283	0.410784	0.410734
-10.04	0.00920223	0.118126	0.118218	0.262606	0.414923	0.414876
-10.005	0.00867102	0.113155	0.113235	0.26291	0.418887	0.418843
-9.96997	0.00810019	0.107385	0.107436	0.263193	0.42265	0.422607
-9.93493	0.00760741	0.102409	0.102427	0.26346	0.426237	0.426196
-9.8999	0.00733105	0.0995043	0.0994941	0.263717	0.429724	0.429681
-9.86486	0.00730679	0.0988103	0.0987838	0.263973	0.433185	0.433142
-9.82983	0.00746593	0.0994704	0.0994462	0.264234	0.43667	0.436626
-9.79479	0.00770069	0.100281	0.100278	0.264504	0.440184	0.44014
-9.75976	0.0079348	0.100501	0.100518	0.264782	0.443705	0.443661
-9.72472	0.00816246	0.100254	0.100284	0.265068	0.447217	0.447175
-9.68969	0.00840923	0.0999144	0.0999482	0.265363	0.450718	0.450677
-9.65465	0.00869874	0.099747	0.0997808	0.265668	0.454212	0.454172
-9.61962	0.0090493	0.099879	0.099912	0.265985	0.457712	0.457673
-9.58458	0.00947892	0.100386	0.100418	0.266317	0.461229	0.461191
-9.54955	0.0100091	0.101336	0.101369	0.266667	0.464779	0.464742
-9.51451	0.0106679	0.102812	0.102845	0.267041	0.468381	0.468346
-9.47948	0.0114933	0.104925	0.104959	0.267444	0.472057	0.472023
-9.44444	0.0125382	0.107832	0.107869	0.267883	0.475835	0.475802
-9.40941	0.013878	0.111753	0.111795	0.268369	0.47975	0.479719
-9.37437	0.0156228	0.117013	0.117062	0.268917	0.48385	0.48382
-9.33934	0.0179382	0.124091	0.124149	0.269545	0.488197	0.48817
-9.3043	0.0210783	0.133711	0.133784	0.270284	0.492882	0.492857
-9.26927	0.0254389	0.146989	0.147083	0.271175	0.498032	0.49801
-9.23423	0.0316215	0.165606	0.165731	0.272283	0.503834	0.503816
-9.1992	0.0404305	0.191825	0.191999	0.273699	0.510554	0.510543
-9.16416	0.0525822	0.227792	0.228039	0.275541	0.518535	0.518532
-9.12913	0.0681955	0.274271	0.274614	0.277931	0.528144	0.528153
-9.09409	0.0869244	0.331074	0.331508	0.280976	0.539743	0.539768
-9.05906	0.107668	0.396978	0.397413	0.284748	0.553651	0.553691
-9.02402	0.126772	0.466255	0.466547	0.28919	0.569987	0.570037
-8.98899	0.138867	0.53005	0.530188	0.294055	0.588557	0.588612
-8.95395	0.140448	0.580997	0.581095	0.298975	0.608912	0.60897
-8.91892	0.131871	0.61545	0.615563	0.303595	0.630474	0.630537
-8.88388	0.116431	0.63543	0.635515	0.307675	0.652737	0.652802
-8.84885	0.0983795	0.647348	0.647357	0.311121	0.675417	0.675482
-8.81381	0.0808448	0.656499	0.656416	0.313954	0.698417	0.69848
-8.77878	0.0651738	0.661152	0.660985	0.316237	0.721581	0.721637
-8.74374	0.0516326	0.64745	0.647226	0.318046	0.744264	0.744313
-8.70871	0.0402644	0.591085	0.590848	0.319457	0.764973	0.765013
-8.67367	0.0312199	0.486026	0.485823	0.320551	0.782001	0.782034
-8.63864	0.0244848	0.368673	0.368524	0.321408	0.794917	0.794945
-8.6036	0.0196551	0.273976	0.273872	0.322097	0.804516	0.80454
-8.56857	0.0161642	0.207098	0.207027	0.322663	0.811771	0.811794
-8.53353	0.0135328	0.160229	0.160178	0.323137	0.817385	0.817405
-8.4985	0.011484	0.126559	0.126522	0.32354	0.821819	0.821838
-8.46346	0.0098798	0.102131	0.102103	0.323886	0.825397	0.825415
-8.42843	0.00861592	0.0841917	0.0841701	0.324188	0.828347	0.828364
-8.39339	0.00760662	0.0707459	0.0707285	0.324454	0.830825	0.830842
-8.35836	0.00678817	0.0604388	0.0604241	0.324692	0.832943	0.832959
-8.32332	0.0061152	0.0523732	0.0523602	0.324906	0.834778	0.834794
-8.28829	0.0055553	0.0459499	0.0459379	0.325101	0.836388	0.836403
-8.25325	0.00508505	0.040761	0.0407492	0.325279	0.837816	0.837831
-8.21822	0.00468724	0.0365235	0.0365112	0.325443	0.839095	0.83911
-8.18318	0.00434915	0.0330387	0.0330252	0.325596	0.840253	0.840267
-8.14815	0.00406143	0.0301678	0.0301518	0.325738	0.84131	0.841323
-8.11311	0.00381744	0.0278168	0.0277969	0.325872	0.842284	0.842297
-8.07808	0.00361303	0.0259306	0.0259044	0.325998	0.843193	0.843205
-8.04304	0.0034466	0.0244918	0.0244556	0.326119	0.844051	0.844062
-8.00801	0.00331947	0.0235257	0.0234736	0.326235	0.844875	0.844884
-7.97297	0.00323572	0.0230982	0.0230219	0.326349	0.845684	0.845691
-7.93794	0.00319772	0.0232543	0.0231479	0.326461	0.846499	0.846502
-7.9029	0.00318923	0.0237736	0.0236551	0.326573	0.847332	0.84733
-7.86787	0.00315998	0.0239156	0.0238519	0.326683	0.84817	0.848166
-7.83283	0.00307216	0.0230858	0.0231155	0.326791	0.848979	0.848976
-7.7978	0.00296105	0.0217786	0.0218474	0.326895	0.849742	0.849741
-7.76276	0.00289175	0.0209324	0.0209913	0.326996	0.850475	0.850477
-7.72773	0.00290093	0.0210466	0.0210863	0.327098	0.851212	0.851215
-7.69269	0.00299779	0.0222144	0.0222392	0.327203	0.851991	0.851995
-7.65766	0.00314756	0.0239972	0.0240123	0.327313	0.852832	0.852836
-7.62262	0.00323551	0.0251032	0.0251127	0.327426	0.853711	0.853716
-7.58759	0.00318925	0.0248685	0.0248752	0.327538	0.854582	0.854587
-7.55255	0.00312471	0.0246923	0.0246982	0.327647	0.855447	0.855452
-7.51752	0.00318101	0.0261131	0.0261195	0.327759	0.856362	0.856368
-7.48248	0.00341185	0.0296591	0.0296666	0.327878	0.857401	0.857407
-7.44745	0.00377094	0.0344153	0.0344226	0.328011	0.858607	0.858613
-7.41241	0.00403357	0.0371551	0.0371567	0.328152	0.859909	0.859915
-7.37738	0.00391528	0.0348386	0.034831	0.328289	0.861129	0.861135
-7.34234	0.00345488	0.0288085	0.0287983	0.32841	0.862139	0.862144
-7.30731	0.0029417	0.0225646	0.0225568	0.328513	0.862929	0.862934
-7.27227	0.00254094	0.017791	0.0177858	0.328602	0.863553	0.863557
-7.23724	0.00226126	0.0144721	0.0144686	0.328681	0.86406	0.864064
-7.2022	0.00206694	0.0121734	0.0121711	0.328754	0.864486	0.864491
-7.16717	0.00192784	0.0105361	0.0105344	0.328821	0.864855	0.86486
-7.13213	0.00182567	0.00932912	0.00932788	0.328885	0.865182	0.865187
-7.0971	0.00174891	0.00840921	0.00840827	0.328947	0.865477	0.865481
-7.06206	0.0016899	0.00768615	0.00768541	0.329006	0.865746	0.86575
-7.02703	0.00164359	0.00710214	0.00710155	0.329063	0.865995	0.865999
-6.99199	0.00160667	0.00661931	0.00661882	0.32912	0.866227	0.866231
-6.95696	0.00157691	0.00621214	0.00621173	0.329175	0.866444	0.866449
-6.92192	0.00155279	0.00586299	0.00586265	0.329229	0.86665	0.866654
-6.88689	0.00153324	0.00555937	0.00555908	0.329283	0.866845	0.866849
-6.85185	0.00151752	0.00529222	0.00529197	0.329336	0.86703	0.867034
-6.81682	0.00150506	0.00505484	0.00505462	0.329389	0.867207	0.867211
-6.78178	0.00149549	0.0048422	0.00484201	0.329441	0.867377	0.867381
-6.74675	0.00148851	0.00465049	0.00465032	0.329493	0.86754	0.867544
-6.71171	0.00148396	0.00447676	0.00447663	0.329545	0.867696	0.867701
-6.67668	0.00148173	0.0043188	0.00431869	0.329597	0.867848	0.867852
-6.64164	0.00148181	0.00417494	0.00417485	0.329649	0.867994	0.867998
-6.60661	0.00148427	0.00404399	0.00404393	0.329701	0.868136	0.86814
-6.57157	0.00148932	0.00392529	0.00392526	0.329753	0.868273	0.868278
-6.53654	0.00149734	0.00381871	0.00381871	0.329806	0.868407	0.868411
-6.5015	0.00150898	0.00372483	0.00372488	0.329859	0.868538	0.868542
-6.46647	0.00152532	0.00364528	0.0036454	0.329912	0.868665	0.86867
-6.43143	0.00154818	0.00358333	0.00358356	0.329966	0.868791	0.868795
-6.3964	0.00158053	0.00354479	0.00354517	0.330022	0.868915	0.868919
-6.36136	0.00162686	0.00353877	0.0035394	0.330079	0.869039	0.869043
-6.32633	0.00169198	0.00357522	0.00357619	0.330138	0.869164	0.869169
-6.29129	0.00177278	0.00364753	0.00364883	0.3302	0.869292	0.869296
-6.25626	0.00184018	0.00369334	0.00369445	0.330265	0.869421	0.869426
-6.22122	0.00184982	0.00361646	0.00361644	0.330329	0.869548	0.869553
-6.18619	0.00180522	0.00342416	0.00342316	0.330393	0.869668	0.869672
-6.15115	0.00175159	0.00321337	0.00321227	0.330454	0.869781	0.869785
-6.11612	0.00171475	0.00303888	0.00303804	0.330514	0.869887	0.869891
-6.08108	0.00169639	0.00290382	0.00290324	0.330574	0.869989	0.869993
-6.04605	0.00169157	0.00279729	0.00279688	0.330633	0.870087	0.870091
-6.01101	0.00169596	0.00270953	0.00270923	0.330692	0.870182	0.870186
-5.97598	0.00170666	0.00263378	0.00263354	0.330752	0.870274	0.870278
-5.94094	0.00172187	0.00256534	0.00256515	0.330812	0.870364	0.870368
-5.90591	0.00174046	0.00250079	0.00250062	0.330873	0.870452	0.870456
-5.87087	0.00176184	0.00243867	0.00243853	0.330935	0.870537	0.870541
-5.83584	0.00178669	0.00238502	0.00238488	0.330998	0.870621	0.870625
-5.8008	0.00181778	0.00236031	0.00236018	0.331061	0.870703	0.870708
-5.76577	0.00185523	0.00236696	0.00236684	0.331126	0.870786	0.87079
-5.73073	0.00189223	0.00235755	0.00235743	0.331193	0.870869	0.870873
-5.6957	0.0019275	0.00232091	0.00232079	0.33126	0.87095	0.870954
-5.66066	0.00196456	0.0022789	0.00227878	0.331329	0.87103	0.871034
-5.62563	0.00200517	0.00224155	0.00224143	0.331399	0.871108	0.871113
-5.59059	0.00204985	0.00220987	0.00220975	0.331471	0.871186	0.87119
-5.55556	0.00209886	0.00218294	0.00218282	0.331545	0.871262	0.871267
-5.52052	0.00215153	0.0021597	0.00215958	0.33162	0.871338	0.871342
-5.48549	0.00220467	0.00213866	0.00213854	0.331697	0.871413	0.871417
-5.45045	0.00225576	0.00211875	0.00211863	0.331776	0.871487	0.871491
-5.41542	0.00231085	0.00210153	0.00210142	0.331857	0.871561	0.871565
-5.38038	0.00237474	0.00208841	0.00208832	0.33194	0.871634	0.871638
-5.34535	0.00244643	0.00207926	0.00207918	0.332026	0.871707	0.871711
-5.31031	0.0025249	0.00207373	0.00207367	0.332115	0.871779	0.871784
-5.27528	0.00260803	0.00207017	0.00207008	0.332206	0.871852	0.871856
-5.24024	0.00269115	0.00206474	0.00206454	0.3323	0.871924	0.871929
-5.20521	0.00277341	0.00205642	0.00205614	0.332397	0.871996	0.872001
-5.17017	0.00286024	0.00204898	0.00204868	0.332498	0.872068	0.872072
-5.13514	0.00295562	0.00204509	0.00204479	0.332601	0.87214	0.872144
-5.1001	0.00306066	0.00204518	0.00204489	0.332708	0.872211	0.872216
-5.06507	0.00317568	0.00204904	0.00204873	0.33282	0.872283	0.872287
-5.03003	0.00330117	0.00205648	0.00205615	0.332935	0.872355	0.872359
-4.99499	0.00343793	0.00206749	0.00206714	0.333056	0.872428	0.872432
-4.95996	0.00358705	0.00208219	0.00208181	0.333181	0.872501	0.872505
-4.92492	0.00374989	0.0021008	0.00210039	0.333313	0.872574	0.872578
-4.88989	0.00392815	0.00212363	0.00212319	0.33345	0.872649	0.872653
-4.85485	0.00412384	0.00215109	0.00215061	0.333595	0.872724	0.872728
-4.81982	0.00433936	0.00218367	0.00218314	0.333747	0.872801	0.872805
-4.78478	0.00457764	0.00222198	0.00222139	0.333907	0.872878	0.872882
-4.74975	0.00484217	0.00226674	0.00226609	0.334077	0.872958	0.872962
-4.71471	0.00513719	0.00231885	0.00231812	0.334257	0.873039	0.873043
-4.67968	0.00546794	0.00237939	0.00237857	0.334449	0.873122	0.873126
-4.64464	0.00584083	0.00244969	0.00244877	0.334653	0.873208	0.873212
-4.60961	0.00626388	0.00253142	0.00253037	0.334873	0.873297	0.873301
-4.57457	0.00674723	0.00262663	0.00262543	0.335109	0.873389	0.873393
-4.53954	0.00730381	0.00273793	0.00273655	0.335365	0.873485	0.873489
-4.5045	0.00795038	0.00286868	0.00286707	0.335643	0.873585	0.873589
-4.46947	0.00870896	0.00302322	0.00302132	0.335949	0.873691	0.873695
-4.43443	0.00960901	0.00320727	0.00320501	0.336285	0.873804	0.873807
-4.3994	0.0106907	0.00342855	0.00342582	0.33666	0.873924	0.873927
-4.36436	0.0120097	0.00369762	0.00369426	0.337081	0.874053	0.874057
-4.32933	0.0136456	0.00402929	0.00402509	0.337559	0.874195	0.874198
-4.29429	0.0157144	0.00444486	0.00443949	0.338109	0.87435	0.874353
-4.25926	0.01839	0.00497582	0.00496879	0.338753	0.874525	0.874527
-4.22422	0.0219407	0.00567002	0.00566056	0.339522	0.874723	0.874726
-4.18919	0.0267908	0.00660213	0.00658901	0.340461	0.874955	0.874957
-4.15415	0.0336187	0.00789019	0.00787146	0.341639	0.875231	0.875232
-4.11912	0.043477	0.00971605	0.00968888	0.343162	0.875571	0.875572
-4.08408	0.0577549	0.0123206	0.0122823	0.345185	0.876003	0.876002
-4.04905	0.0772597	0.0158586	0.0158113	0.347892	0.876559	0.876556
-4.01401	0.0995555	0.019986	0.0199434	0.35138	0.877259	0.877255
-3.97898	0.117738	0.0237141	0.0236906	0.355505	0.87809	0.878085
-3.94394	0.125389	0.0262003	0.0261947	0.359898	0.879008	0.879002
-3.90891	0.121939	0.0274165	0.0274193	0.36417	0.879968	0.879963
-3.87387	0.112951	0.028074	0.0280789	0.368127	0.880952	0.880947
-3.83884	0.104625	0.0289319	0.0289376	0.371793	0.881965	0.881961
-3.8038	0.0993952	0.0302176	0.0302249	0.375275	0.883024	0.88302
-3.76877	0.0967122	0.0317336	0.0317421	0.378663	0.884136	0.884132
-3.73373	0.095129	0.0330869	0.0330957	0.381996	0.885295	0.885291
-3.6987	0.0931901	0.0336756	0.0336836	0.385261	0.886475	0.886471
-3.66366	0.0901778	0.0331351	0.0331415	0.388421	0.887636	0.887632
-3.62863	0.0868056	0.0319636	0.0319684	0.391462	0.888756	0.888752
-3.59359	0.0843318	0.0310525	0.0310559	0.394416	0.889843	0.88984
-3.55856	0.0834785	0.0310469	0.0310493	0.397341	0.890931	0.890928
-3.52352	0.0842169	0.0321153	0.0321171	0.400292	0.892056	0.892054
-3.48849	0.0860212	0.0339435	0.0339448	0.403305	0.893246	0.893243
-3.45345	0.0881458	0.0358668	0.0358679	0.406394	0.894502	0.894499
-3.41842	0.0897509	0.0369531	0.036954	0.409538	0.895797	0.895794
-3.38338	0.0902647	0.0364913	0.0364921	0.4127	0.897075	0.897073
-3.34835	0.0898396	0.0346503	0.0346509	0.415848	0.898289	0.898287
-3.31331	0.0890267	0.0320817	0.0320822	0.418967	0.899413	0.899411
-3.27828	0.0883514	0.0292715	0.0292718	0.422062	0.900439	0.900436
-3.24324	0.0880918	0.0263965	0.0263966	0.425149	0.901364	0.901361
-3.20821	0.0882625	0.023469	0.0234689	0.428241	0.902186	0.902183
-3.17317	0.0889062	0.0206457	0.0206454	0.431356	0.902909	0.902906
-3.13814	0.0901529	0.0183085	0.0183081	0.434514	0.903551	0.903548
-3.1031	0.092069	0.0167106	0.01671	0.43774	0.904136	0.904133
-3.06807	0.0946052	0.0157981	0.0157975	0.441054	0.90469	0.904687
-3.03303	0.0976708	0.0154013	0.0154006	0.444476	0.905229	0.905226
-2.998	0.101149	0.0153697	0.0153689	0.44802	0.905768	0.905765
-2.96296	0.104802	0.0155831	0.0155822	0.451692	0.906314	0.906311
-2.92793	0.108038	0.0159131	0.0159122	0.455477	0.906871	0.906868
-2.89289	0.109728	0.0161867	0.0161857	0.459321	0.907438	0.907435
-2.85786	0.108809	0.0162451	0.0162441	0.463133	0.908007	0.908004
-2.82282	0.105646	0.0160985	0.0160975	0.466835	0.908571	0.908568
-2.78779	0.101713	0.015896	0.0158949	0.470398	0.909128	0.909125
-2.75275	0.0982118	0.0157679	0.0157667	0.473839	0.909681	0.909678
-2.71772	0.0958224	0.0157943	0.0157928	0.477196	0.910234	0.910231
-2.68268	0.095031	0.0160398	0.0160379	0.480526	0.910796	0.910793
-2.64765	0.0963531	0.0165808	0.0165782	0.483901	0.911377	0.911374
-2.61261	0.100258	0.0174984	0.017495	0.487414	0.91199	0.911987
-2.57758	0.106639	0.0188196	0.0188154	0.49115	0.912649	0.912646
-2.54254	0.1145	0.0204696	0.0204646	0.495162	0.913366	0.913363
-2.50751	0.122908	0.0223656	0.02236	0.499468	0.91415	0.914146
-2.47247	0.131611	0.024485	0.0244786	0.504079	0.915008	0.915004
-2.43744	0.140586	0.0268214	0.0268144	0.509004	0.915948	0.915943
-2.4024	0.149385	0.0292954	0.0292888	0.514238	0.916974	0.916969
-2.36737	0.156506	0.0316412	0.0316371	0.519721	0.918082	0.918078
-2.33233	0.159357	0.0333816	0.0333824	0.525304	0.919252	0.919247
-2.2973	0.156435	0.0341841	0.0341894	0.530785	0.92045	0.920445
-2.26226	0.149236	0.0342068	0.0342141	0.536013	0.921648	0.921644
-2.22723	0.140109	0.0337639	0.0337713	0.540922	0.922831	0.922827
-2.19219	0.130267	0.0329826	0.0329893	0.545486	0.923987	0.923983
-2.15716	0.119928	0.0318147	0.0318207	0.549688	0.925101	0.925098
-2.12212	0.109128	0.0302163	0.0302218	0.553511	0.92616	0.926156
-2.08709	0.0987286	0.0284643	0.0284693	0.55697	0.927157	0.927154
-2.05205	0.0905774	0.0272273	0.027232	0.560143	0.928111	0.928108
-2.01702	0.0859025	0.0270082	0.0270126	0.563153	0.929057	0.929054
-1.98198	0.0846587	0.0278775	0.0278816	0.566119	0.930034	0.930031
-1.94695	0.0863683	0.0297342	0.0297381	0.569145	0.931076	0.931073
-1.91191	0.0905623	0.032446	0.0324498	0.572318	0.932212	0.93221
-1.87688	0.0963968	0.0356927	0.0356965	0.575695	0.933463	0.933461
-1.84184	0.101345	0.0384588	0.0384631	0.579246	0.93481	0.934808
-1.80681	0.099905	0.0385274	0.038533	0.582746	0.93616	0.936158
-1.77177	0.0877331	0.0340674	0.0340743	0.585819	0.937354	0.937352
-1.73674	0.069285	0.0267855	0.0267923	0.588247	0.938292	0.938291
-1.7017	0.0523887	0.0199683	0.0199736	0.590082	0.938992	0.93899
-1.66667	0.0399494	0.0149355	0.0149393	0.591482	0.939515	0.939514
-1.63163	0.0313625	0.0114831	0.0114858	0.592581	0.939917	0.939916
-1.5966	0.0254167	0.00911692	0.0091189	0.593471	0.940237	0.940236
-1.56156	0.0211918	0.00745516	0.00745665	0.594214	0.940498	0.940497
-1.52653	0.0180968	0.00625225	0.00625341	0.594848	0.940717	0.940716
-1.49149	0.015763	0.00535557	0.00535649	0.5954	0.940904	0.940904
-1.45646	0.0139582	0.00466934	0.00467008	0.595889	0.941068	0.941067
-1.42142	0.0125318	0.00413198	0.00413259	0.596328	0.941213	0.941212
-1.38639	0.0113838	0.00370279	0.0037033	0.596727	0.941343	0.941342
-1.35135	0.0104456	0.0033541	0.00335453	0.597093	0.94146	0.941459
-1.31632	0.00966921	0.00306663	0.003067	0.597432	0.941568	0.941567
-1.28128	0.0090199	0.00282662	0.00282694	0.597748	0.941667	0.941666
-1.24625	0.00847233	0.00262403	0.00262431	0.598044	0.941758	0.941758
-1.21121	0.00800752	0.00245141	0.00245166	0.598325	0.941844	0.941844
-1.17618	0.00761103	0.00230312	0.00230334	0.598592	0.941925	0.941924
-1.14114	0.00727174	0.00217485	0.00217504	0.598846	0.942001	0.942001
-1.10611	0.00698097	0.00206323	0.0020634	0.599091	0.942074	0.942073
-1.07107	0.00673186	0.00196563	0.00196578	0.599327	0.942142	0.942142
-1.03604	0.00651899	0.00187993	0.00188007	0.599555	0.942208	0.942208
-1.001	0.006338	0.00180446	0.00180458	0.599777	0.942271	0.942271
-0.965966	0.0061854	0.00173784	0.00173795	0.599994	0.942332	0.942332
-0.930931	0.00605838	0.00167896	0.00167906	0.600206	0.942391	0.942391
-0.895896	0.0059547	0.00162691	0.00162701	0.600415	0.942448	0.942448
-0.860861	0.00587257	0.00158095	0.00158104	0.600621	0.942504	0.942503
-0.825826	0.0058106	0.00154045	0.00154053	0.600824	0.942558	0.942557
-0.790791	0.00576773	0.00150491	0.00150498	0.601026	0.94261	0.94261
-0.755756	0.0057432	0.0014739	0.00147397	0.601227	0.942662	0.942661
-0.720721	0.00573652	0.0014471	0.00144716	0.601428	0.942713	0.942712
-0.685686	0.00574743	0.00142422	0.00142428	0.60163	0.942763	0.942762
-0.650651	0.00577593	0.00140506	0.00140511	0.601832	0.942812	0.942811
-0.615616	0.00582226	0.00138946	0.00138951	0.602036	0.94286	0.94286
-0.580581	0.00588687	0.0013773	0.00137734	0.602242	0.942909	0.942908
-0.545546	0.00597049	0.00136852	0.00136856	0.602452	0.942957	0.942956
-0.510511	0.00607413	0.0013631	0.00136314	0.602664	0.943004	0.943004
-0.475475	0.00619908	0.00136107	0.0013611	0.602882	0.943052	0.943051
-0.44044	0.00634701	0.0013625	0.00136253	0.603104	0.9431	0.943099
-0.405405	0.00651997	0.00136752	0.00136755	0.603332	0.943148	0.943147
-0.37037	0.0067205	0.00137631	0.00137633	0.603568	0.943196	0.943195
-0.335335	0.00695171	0.00138912	0.00138914	0.603811	0.943245	0.943244
-0.3003	0.0072174	0.00140626	0.00140628	0.604064	0.943294	0.943293
-0.265265	0.00752226	0.00142816	0.00142818	0.604328	0.943344	0.943343
-0.23023	0.00787203	0.00145533	0.00145535	0.604604	0.943395	0.943394
-0.195195	0.00827382	0.00148842	0.00148844	0.604893	0.943447	0.943446
-0.16016	0.00873652	0.00152826	0.00152828	0.605199	0.943501	0.9435
-0.125125	0.00927126	0.00157589	0.00157591	0.605524	0.943556	0.943555
-0.0900901	0.00989219	0.00163261	0.00163264	0.605871	0.943613	0.943612
-0.0550551	0.0106175	0.00170013	0.00170016	0.606243	0.943673	0.943672
-0.02002	0.0114707	0.00178059	0.00178063	0.606645	0.943735	0.943734
0.015015	0.0124832	0.00187687	0.00187692	0.607082	0.943801	0.9438
0.0500501	0.0136966	0.00199272	0.00199279	0.607562	0.943871	0.94387
0.0850851	0.0151681	0.00213324	0.00213335	0.608093	0.943945	0.943945
0.12012	0.0169776	0.00230545	0.00230561	0.608688	0.944026	0.944025
0.155155	0.0192388	0.0025192	0.00251943	0.609362	0.944114	0.944114
0.19019	0.0221186	0.00278869	0.00278903	0.610137	0.944212	0.944211
0.225225	0.0258679	0.0031349	0.00313542	0.611043	0.944322	0.944321
0.26026	0.0308747	0.00358974	0.00359054	0.612125	0.944448	0.944447
0.295295	0.037752	0.00420289	0.00420415	0.613448	0.944595	0.944594
0.33033	0.0474732	0.00505259	0.00505458	0.615111	0.944772	0.944771
0.365365	0.0615027	0.00625824	0.00626136	0.617266	0.944991	0.944991
0.4004	0.0815784	0.00797508	0.00797965	0.620124	0.945271	0.94527
0.435435	0.108114	0.0103053	0.0103108	0.623912	0.945632	0.945632
0.47047	0.137244	0.0130938	0.0130986	0.62872	0.94609	0.94609
0.505506	0.161633	0.0158733	0.0158753	0.634383	0.946646	0.946647
0.540541	0.175591	0.0181107	0.0181081	0.640535	0.947281	0.947281
0.575576	0.178108	0.0195692	0.0195596	0.646775	0.947967	0.947966
0.610611	0.173491	0.0205413	0.0205241	0.652853	0.948686	0.948685
0.645646	0.165874	0.0212675	0.021246	0.658664	0.949431	0.94943
0.680681	0.154996	0.0213913	0.0213696	0.664095	0.950181	0.950178
0.715716	0.140209	0.0204728	0.0204528	0.669007	0.950898	0.950895
0.750751	0.123718	0.0185825	0.0185642	0.673341	0.951549	0.951545
0.785786	0.108511	0.0162081	0.0161911	0.677143	0.952117	0.952113
0.820821	0.0967838	0.0140576	0.0140431	0.680534	0.952609	0.952605
0.855856	0.0884048	0.0125957	0.0125849	0.683631	0.953051	0.953046
0.890891	0.0823509	0.0118557	0.0118489	0.686516	0.953466	0.953461
0.925926	0.0794299	0.0118118	0.0118091	0.689299	0.95388	0.953874
0.960961	0.0797752	0.0123418	0.0123434	0.692094	0.954312	0.954307
0.995996	0.0817664	0.0131294	0.0131355	0.694959	0.954772	0.954767
1.03103	0.0833696	0.0137507	0.0137613	0.69788	0.955254	0.955249
1.06607	0.0827652	0.0137248	0.0137394	0.700779	0.955735	0.955731
1.1011	0.0797405	0.0128639	0.0128826	0.703573	0.956186	0.956182
1.13614	0.0762018	0.0115628	0.0115857	0.706243	0.956591	0.956588
1.17117	0.0739857	0.0103603	0.0103857	0.708835	0.956954	0.956952
1.20621	0.0748609	0.00960412	0.009629	0.711458	0.95729	0.957289
1.24124	0.0811582	0.00950756	0.0095316	0.714301	0.957623	0.957623
1.27628	0.0948866	0.0101806	0.0102062	0.717625	0.95798	0.957981
1.31131	0.11728	0.0116855	0.0117147	0.721734	0.958389	0.958391
1.34635	0.146359	0.0139311	0.013962	0.726862	0.958877	0.95888
1.38138	0.174	0.016429	0.0164559	0.732958	0.959453	0.959457
1.41642	0.191186	0.0185026	0.0185203	0.739656	0.960101	0.960106
1.45145	0.197633	0.0200338	0.0200384	0.74658	0.960803	0.960808
1.48649	0.199676	0.02146	0.0214521	0.753576	0.961555	0.961559
1.52152	0.200189	0.0228953	0.0228809	0.76059	0.962357	0.962361
1.55656	0.197295	0.0239702	0.023955	0.767502	0.963197	0.9632
1.59159	0.190055	0.0244523	0.0244388	0.77416	0.964054	0.964056
1.62663	0.180495	0.0245087	0.0244975	0.780484	0.964912	0.964915
1.66166	0.170799	0.0243809	0.024372	0.786468	0.965766	0.965768
1.6967	0.161981	0.0242022	0.0241953	0.792143	0.966614	0.966616
1.73173	0.15431	0.0240276	0.0240221	0.797549	0.967456	0.967458
1.76677	0.147823	0.023887	0.0238828	0.802728	0.968293	0.968294
1.8018	0.142614	0.023825	0.0238217	0.807725	0.969128	0.969129
1.83684	0.138807	0.0238925	0.0238902	0.812588	0.969965	0.969966
1.87187	0.135898	0.0240243	0.0240227	0.817349	0.970807	0.970808
1.90691	0.132719	0.0240246	0.0240236	0.821999	0.971648	0.971649
1.94194	0.128835	0.0238216	0.0238209	0.826512	0.972483	0.972484
1.97698	0.124644	0.0234933	0.0234927	0.830879	0.973306	0.973307
2.01201	0.120541	0.0231167	0.0231163	0.835103	0.974116	0.974117
2.04705	0.116694	0.0227273	0.0227269	0.839191	0.974912	0.974913
2.08208	0.113147	0.0223361	0.0223358	0.843155	0.975695	0.975696
2.11712	0.109899	0.0219447	0.0219445	0.847005	0.976463	0.976464
2.15215	0.106939	0.0215514	0.0215512	0.850752	0.977218	0.97722
2.18719	0.104262	0.0211534	0.0211531	0.854405	0.97796	0.977961
2.22222	0.101872	0.0207474	0.0207472	0.857974	0.978686	0.978687
2.25726	0.0997937	0.0203305	0.0203303	0.86147	0.979399	0.9794
2.29229	0.0980733	0.0198992	0.0198991	0.864906	0.980096	0.980097
2.32733	0.0967945	0.0194503	0.0194501	0.868297	0.980777	0.980778
2.36236	0.0960974	0.0189799	0.0189797	0.871664	0.981442	0.981443
2.3974	0.0962132	0.0184838	0.0184837	0.875035	0.98209	0.982091
2.43243	0.0975198	0.0179576	0.0179575	0.878452	0.982719	0.98272
2.46747	0.100603	0.0173961	0.017396	0.881976	0.983329	0.98333
2.5025	0.106222	0.0167938	0.0167938	0.885698	0.983917	0.983918
2.53754	0.114827	0.016141	0.016141	0.889721	0.984482	0.984483
2.57257	0.125431	0.0154004	0.0154005	0.894115	0.985022	0.985023
2.60761	0.135461	0.0144811	0.0144813	0.898861	0.985529	0.98553
2.64264	0.142583	0.0133643	0.0133645	0.903856	0.985998	0.985999
2.67768	0.145426	0.0122567	0.0122569	0.908951	0.986427	0.986428
2.71271	0.143149	0.0113763	0.0113764	0.913967	0.986826	0.986827
2.74775	0.13711	0.010786	0.010786	0.91877	0.987203	0.987204
2.78278	0.130792	0.0105118	0.0105115	0.923353	0.987572	0.987573
2.81782	0.127368	0.0106065	0.0106057	0.927815	0.987943	0.987944
2.85285	0.129094	0.0111644	0.011163	0.932338	0.988334	0.988335
2.88789	0.136917	0.0122885	0.0122866	0.937135	0.988765	0.988766
2.92292	0.148394	0.01394	0.0139379	0.942334	0.989253	0.989254
2.95796	0.157813	0.0158294	0.0158274	0.947863	0.989808	0.989809
2.99299	0.162281	0.0176103	0.0176083	0.953548	0.990425	0.990426
3.02803	0.161156	0.0187249	0.0187228	0.959194	0.991081	0.991081
3.06306	0.149182	0.0180987	0.0180961	0.964421	0.991715	0.991715
3.0981	0.124444	0.0154061	0.0154032	0.968781	0.992255	0.992255
3.13313	0.0955203	0.0118958	0.0118932	0.972127	0.992672	0.992672
3.16817	0.071333	0.00888315	0.00888118	0.974627	0.992983	0.992983
3.2032	0.0540133	0.00672183	0.00672042	0.976519	0.993218	0.993218
3.23824	0.0421126	0.00524608	0.00524507	0.977994	0.993402	0.993402
3.27327	0.0338628	0.00423184	0.00423109	0.979181	0.99355	0.99355
3.30831	0.027991	0.00351627	0.00351572	0.980161	0.993673	0.993674
3.34334	0.0236589	0.00299298	0.0029926	0.98099	0.993778	0.993778
3.37838	0.0203431	0.00259567	0.0025954	0.981703	0.993869	0.993869
3.41341	0.0177499	0.00228581	0.00228559	0.982325	0.993949	0.993949
3.44845	0.0156902	0.00203837	0.00203815	0.982875	0.994021	0.994021
3.48348	0.014029	0.00183783	0.00183761	0.983366	0.994085	0.994085
3.51852	0.0126677	0.00167452	0.00167429	0.98381	0.994144	0.994144
3.55355	0.0115502	0.00154156	0.00154131	0.984215	0.994198	0.994198
3.58859	0.0106338	0.00143251	0.00143227	0.984587	0.994248	0.994248
3.62362	0.00982841	0.0013375	0.00133736	0.984931	0.994295	0.994295
3.65866	0.00905585	0.00124857	0.00124854	0.985249	0.994339	0.994339
3.69369	0.00833964	0.00116716	0.00116715	0.985541	0.99438	0.99438
3.72873	0.00771117	0.00109483	0.00109481	0.985811	0.994418	0.994418
3.76376	0.00716068	0.00102947	0.00102944	0.986062	0.994454	0.994454
3.7988	0.00668387	0.00097093	0.000970891	0.986296	0.994488	0.994488
3.83383	0.00627962	0.000919871	0.000919827	0.986516	0.99452	0.99452
3.86887	0.00592896	0.000875219	0.00087517	0.986724	0.994551	0.994551
3.9039	0.00559953	0.00083494	0.000834886	0.98692	0.99458	0.99458
3.93894	0.00528276	0.000798095	0.000798034	0.987105	0.994608	0.994608
3.97397	0.00499768	0.000765091	0.000765017	0.98728	0.994635	0.994635
4.00901	0.00475574	0.000736158	0.000736067	0.987447	0.994661	0.994661
4.04404	0.00455589	0.000711031	0.000710927	0.987606	0.994686	0.994686
4.07908	0.0043856	0.000688678	0.000688596	0.98776	0.99471	0.99471
4.11411	0.00421931	0.000667111	0.000667099	0.987908	0.994733	0.994733
4.14915	0.00404414	0.000645558	0.000645593	0.98805	0.994756	0.994756
4.18418	0.0038675	0.000625002	0.000625036	0.988185	0.994778	0.994778
4.21922	0.00369195	0.000605405	0.000605424	0.988314	0.994799	0.994799
4.25425	0.00351722	0.000585667	0.000585674	0.988438	0.994819	0.994819
4.28929	0.00334915	0.000565956	0.000565954	0.988555	0.994839	0.994839
4.32432	0.00319704	0.00054756	0.000547553	0.988667	0.994858	0.994858
4.35936	0.00306309	0.000530974	0.000530964	0.988774	0.994877	0.994877
4.39439	0.00294487	0.000516029	0.000516016	0.988877	0.994895	0.994895
4.42943	0.00283978	0.000502462	0.000502447	0.988977	0.994913	0.994913
4.46446	0.00274625	0.000490094	0.000490076	0.989073	0.99493	0.99493
4.4995	0.00266384	0.000478851	0.00047883	0.989166	0.994947	0.994947
4.53453	0.00259334	0.000468765	0.000468738	0.989257	0.994963	0.994963
4.56957	0.00253697	0.000459986	0.00045995	0.989346	0.994979	0.994979
4.6046	0.00249843	0.000452778	0.000452728	0.989434	0.994995	0.994995
4.63964	0.00248052	0.000447293	0.000447229	0.989521	0.995011	0.995011
4.67467	0.00247479	0.00044268	0.000442623	0.989607	0.995026	0.995026
4.70971	0.00244866	0.000436176	0.000436171	0.989693	0.995041	0.995041
4.74474	0.00237585	0.000425939	0.000425992	0.989776	0.995056	0.995056
4.77978	0.00227502	0.000413986	0.000414047	0.989856	0.995071	0.995071
4.81481	0.00216889	0.000402487	0.000402531	0.989932	0.995085	0.995085
4.84985	0.00206952	0.00039213	0.000392156	0.990005	0.995099	0.995099
4.88488	0.00198458	0.000383004	0.000383017	0.990074	0.995112	0.995112
4.91992	0.00191418	0.000374923	0.000374927	0.990141	0.995125	0.995125
4.95495	0.00185529	0.000367659	0.000367655	0.990206	0.995138	0.995138
4.98999	0.00180537	0.000361048	0.000361038	0.990269	0.995151	0.995151
5.02503	0.00176303	0.000355004	0.000354988	0.990331	0.995163	0.995163
5.06006	0.00172796	0.000349506	0.00034948	0.990392	0.995175	0.995175
5.0951	0.00170091	0.000344591	0.000344552	0.990451	0.995188	0.995188
5.13013	0.00168392	0.000340375	0.000340316	0.99051	0.995199	0.995199
5.16517	0.00168048	0.000337059	0.000336971	0.990569	0.995211	0.995211
5.2002	0.00169465	0.000334871	0.000334749	0.990629	0.995223	0.995223
5.23524	0.00172454	0.000333666	0.000333542	0.990689	0.995235	0.995235
5.27027	0.00174712	0.000332011	0.000331989	0.99075	0.995246	0.995246
5.30531	0.00172904	0.000327905	0.000328037	0.990811	0.995258	0.995258
5.34034	0.0016835	0.000322177	0.000322353	0.99087	0.995269	0.995269
5.37538	0.00165211	0.000317284	0.000317422	0.990928	0.99528	0.99528
5.41041	0.00164856	0.000314163	0.000314251	0.990985	0.995291	0.995291
5.44545	0.00164896	0.000311872	0.000311922	0.991043	0.995302	0.995302
5.48048	0.00161355	0.000308194	0.000308217	0.9911	0.995313	0.995313
5.51552	0.00154188	0.00030223	0.000302231	0.991154	0.995324	0.995324
5.55055	0.00146987	0.000295745	0.000295724	0.991205	0.995334	0.995334
5.58559	0.00142138	0.000290456	0.00029041	0.991255	0.995344	0.995344
5.62062	0.00140226	0.000286881	0.000286802	0.991304	0.995354	0.995354
5.65566	0.00141337	0.000285078	0.000284956	0.991354	0.995364	0.995364
5.69069	0.00144961	0.000284723	0.00028457	0.991404	0.995374	0.995374
5.72573	0.00148148	0.000284137	0.000284018	0.991456	0.995384	0.995384
5.76076	0.0014603	0.000280612	0.000280588	0.991508	0.995394	0.995394
5.7958	0.00139089	0.000274408	0.000274441	0.991556	0.995404	0.995403
5.83083	0.00132434	0.000268274	0.00026831	0.991603	0.995413	0.995413
5.86587	0.00128689	0.00026358	0.000263605	0.991648	0.995422	0.995422
5.9009	0.0012744	0.000260205	0.00026022	0.991692	0.995431	0.995431
5.93594	0.0012593	0.000257122	0.000257131	0.991736	0.99544	0.99544
5.97097	0.0012124	0.00025314	0.000253145	0.991779	0.995449	0.995449
6.00601	0.00114406	0.000248419	0.000248421	0.991819	0.995458	0.995458
6.04104	0.00108043	0.000243889	0.000243889	0.991857	0.995466	0.995466
6.07608	0.00103041	0.000239924	0.000239923	0.991893	0.995475	0.995475
6.11111	0.000992119	0.000236466	0.000236465	0.991928	0.995483	0.995483
6.14615	0.00096207	0.00023338	0.000233378	0.991961	0.995491	0.995491
6.18118	0.000937722	0.000230562	0.000230559	0.991994	0.995499	0.995499
6.21622	0.000917522	0.000227947	0.000227944	0.992026	0.995507	0.995507
6.25125	0.000900614	0.000225498	0.000225494	0.992058	0.995515	0.995515
6.28629	0.000886633	0.000223196	0.000223192	0.992089	0.995523	0.995523
6.32132	0.00087562	0.000221039	0.000221034	0.99212	0.995531	0.995531
6.35636	0.000868043	0.000219039	0.000219031	0.99215	0.995538	0.995538
6.39139	0.000864941	0.000217227	0.000217217	0.99218	0.995546	0.995546
6.42643	0.000868198	0.000215664	0.000215649	0.992211	0.995554	0.995554
6.46146	0.000880833	0.000214449	0.000214426	0.992242	0.995561	0.995561
6.4965	0.000906465	0.0002137	0.000213668	0.992274	0.995569	0.995569
6.53153	0.000944399	0.000213399	0.000213362	0.992307	0.995576	0.995576
6.56657	0.000975818	0.000212936	0.000212912	0.992341	0.995584	0.995584
6.6016	0.000965694	0.000211171	0.000211179	0.992375	0.995591	0.995591
6.63664	0.000914691	0.000208133	0.000208157	0.992407	0.995598	0.995598
6.67167	0.000858351	0.000205001	0.000205024	0.992437	0.995605	0.995605
6.70671	0.000814882	0.00020236	0.000202376	0.992465	0.995613	0.995612
6.74174	0.000782564	0.000200043	0.000200053	0.992493	0.99562	0.995619
6.77678	0.000754738	0.000197681	0.000197687	0.992519	0.995626	0.995626
6.81181	0.000729472	0.000195267	0.000195271	0.992545	0.995633	0.995633
6.84685	0.000707956	0.000192999	0.000193002	0.99257	0.99564	0.99564
6.88188	0.000690166	0.000190934	0.000190935	0.992594	0.995647	0.995647
6.91692	0.000675232	0.000189036	0.000189037	0.992617	0.995653	0.995653
6.95195	0.000662356	0.000187261	0.000187262	0.992641	0.99566	0.99566
6.98699	0.000651002	0.000185579	0.000185579	0.992663	0.995666	0.995666
7.02202	0.00064086	0.000183969	0.000183969	0.992686	0.995673	0.995673
7.05706	0.000631785	0.00018242	0.00018242	0.992708	0.995679	0.995679
7.09209	0.000623775	0.000180927	0.000180927	0.99273	0.995686	0.995686
7.12713	0.000616927	0.000179488	0.000179488	0.992751	0.995692	0.995692
7.16216	0.000611241	0.000178102	0.000178101	0.992773	0.995698	0.995698
7.1972	0.000605947	0.000176749	0.000176748	0.992794	0.995704	0.995704
7.23223	0.000599102	0.000175388	0.000175387	0.992815	0.99571	0.99571
7.26727	0.000590005	0.000174003	0.000174002	0.992836	0.995717	0.995717
7.3023	0.000580455	0.000172634	0.000172632	0.992856	0.995723	0.995723
7.33734	0.00057184	0.000171309	0.000171307	0.992876	0.995729	0.995729
7.37237	0.000564405	0.000170036	0.000170033	0.992896	0.995735	0.995735
7.40741	0.000558065	0.000168816	0.000168812	0.992915	0.99574	0.99574
7.44244	0.000552809	0.000167653	0.000167647	0.992935	0.995746	0.995746
7.47748	0.000548802	0.00016656	0.000166551	0.992954	0.995752	0.995752
7.51251	0.000546444	0.000165559	0.000165546	0.992973	0.995758	0.995758
7.54755	0.000546422	0.000164687	0.000164668	0.992992	0.995764	0.995764
7.58258	0.000549578	0.00016399	0.000163963	0.993012	0.99577	0.995769
7.61762	0.000555862	0.000163478	0.000163452	0.993031	0.995775	0.995775
7.65265	0.000561839	0.00016301	0.000163008	0.993051	0.995781	0.995781
7.68769	0.000561138	0.000162274	0.000162302	0.99307	0.995787	0.995787
7.72272	0.000550616	0.000161004	0.00016104	0.99309	0.995792	0.995792
7.75776	0.000533408	0.000159274	0.000159303	0.993108	0.995798	0.995798
7.79279	0.000516076	0.000157488	0.000157508	0.993126	0.995803	0.995803
7.82783	0.000501925	0.000155883	0.000155896	0.993144	0.995809	0.995809
7.86286	0.000490875	0.00015447	0.000154478	0.993161	0.995814	0.995814
7.8979	0.000482038	0.000153197	0.000153202	0.993178	0.99582	0.99582
7.93293	0.000474686	0.00015202	0.000152024	0.993195	0.995825	0.995825
7.96797	0.000468355	0.000150911	0.000150913	0.993211	0.99583	0.99583
8.003	0.000462767	0.000149852	0.000149853	0.993227	0.995835	0.995835
8.03804	0.000457764	0.000148833	0.000148833	0.993243	0.995841	0.995841
8.07307	0.000453263	0.000147848	0.000147847	0.993259	0.995846	0.995846
8.10811	0.000449237	0.000146893	0.000146892	0.993275	0.995851	0.995851
8.14314	0.000445705	0.000145969	0.000145967	0.993291	0.995856	0.995856
8.17818	0.000442736	0.000145076	0.000145073	0.993306	0.995861	0.995861
8.21321	0.000440465	0.000144219	0.000144214	0.993322	0.995866	0.995866
8.24825	0.000439125	0.000143404	0.000143397	0.993337	0.995871	0.995871
8.28328	0.0004391	0.000142643	0.000142633	0.993352	0.995876	0.995876
8.31832	0.000441019	0.000141957	0.000141942	0.993368	0.995881	0.995881
8.35335	0.00044583	0.000141377	0.000141354	0.993383	0.995886	0.995886
8.38839	0.000454615	0.000140945	0.00014091	0.993399	0.995891	0.995891
8.42342	0.000467362	0.00014068	0.000140633	0.993416	0.995896	0.995896
8.45846	0.000480571	0.000140501	0.000140456	0.993433	0.995901	0.995901
8.49349	0.000486926	0.000140159	0.000140151	0.99345	0.995906	0.995906
8.52853	0.00048179	0.000139476	0.000139515	0.993466	0.995911	0.995911
8.56356	0.000472353	0.000138731	0.000138781	0.993483	0.995916	0.995916
8.5986	0.000468016	0.000138264	0.000138303	0.993499	0.995921	0.99592
8.63363	0.000468215	0.000137966	0.000137993	0.993516	0.995925	0.995925
8.66867	0.000462853	0.000137233	0.000137251	0.993532	0.99593	0.99593
8.7037	0.000446486	0.00013576	0.000135773	0.993548	0.995935	0.995935
8.73874	0.000426869	0.00013405	0.000134058	0.993563	0.99594	0.99594
8.77377	0.000410739	0.00013253	0.000132536	0.993577	0.995944	0.995944
8.80881	0.000398981	0.000131266	0.00013127	0.993591	0.995949	0.995949
8.84384	0.000390531	0.000130195	0.000130198	0.993605	0.995953	0.995953
8.87888	0.000384363	0.000129258	0.00012926	0.993618	0.995958	0.995958
8.91391	0.000379813	0.000128414	0.000128415	0.993631	0.995962	0.995962
8.94895	0.00037651	0.00012764	0.000127641	0.993645	0.995967	0.995967
8.98398	0.000374281	0.000126926	0.000126926	0.993658	0.995971	0.995971
9.01902	0.000373101	0.000126268	0.000126267	0.993671	0.995976	0.995976
9.05405	0.000373086	0.000125669	0.000125668	0.993684	0.99598	0.99598
9.08909	0.000374509	0.000125142	0.000125141	0.993697	0.995985	0.995985
9.12412	0.000377871	0.000124711	0.000124709	0.99371	0.995989	0.995989
9.15916	0.000384008	0.000124416	0.000124413	0.993724	0.995993	0.995993
9.19419	0.000394208	0.00012432	0.000124315	0.993738	0.995998	0.995998
9.22923	0.00040996	0.00012449	0.000124485	0.993752	0.996002	0.996002
9.26426	0.000431064	0.000124892	0.000124884	0.993767	0.996006	0.996006
9.2993	0.000451298	0.000125133	0.000125122	0.993783	0.996011	0.996011
9.33433	0.000462125	0.000124673	0.000124657	0.993799	0.996015	0.996015
9.36937	0.00046886	0.000123743	0.000123719	0.993815	0.996019	0.996019
9.4044	0.000482547	0.000122981	0.000122943	0.993832	0.996024	0.996024
9.43944	0.000501507	0.000122573	0.000122514	0.99385	0.996028	0.996028
9.47447	0.000518373	0.000122446	0.000122356	0.993868	0.996032	0.996032
9.50951	0.000540254	0.000122721	0.000122595	0.993887	0.996037	0.996037
9.54454	0.000575041	0.000123419	0.000123301	0.993907	0.996041	0.996041
9.57958	0.000602025	0.000123771	0.000123789	0.993928	0.996045	0.996045
9.61461	0.000584669	0.000122667	0.000122877	0.993949	0.99605	0.99605
9.64965	0.000530342	0.000120448	0.000120709	0.993967	0.996054	0.996054
9.68468	0.000475606	0.000118253	0.000118457	0.993984	0.996058	0.996058
9.71972	0.000436295	0.000116535	0.00011667	0.993999	0.996062	0.996062
9.75475	0.000411623	0.000115257	0.000115341	0.994014	0.996066	0.996066
9.78979	0.000397704	0.000114299	0.000114348	0.994028	0.99607	0.99607
9.82482	0.000391721	0.000113573	0.000113596	0.994041	0.996074	0.996074
9.85986	0.000392295	0.000113034	0.000113036	0.994055	0.996078	0.996078
9.89489	0.000399251	0.00011267	0.000112652	0.994069	0.996082	0.996082
9.92993	0.000413546	0.000112501	0.000112461	0.994084	0.996086	0.996086
9.96496	0.000437496	0.00011258	0.000112511	0.994099	0.99609	0.99609
10	0.000475369	0.000113009	0.000112897	0.994116	0.996094	0.996094
