w	up_1	up_2	up_3	cumul_up_1	cumul_up_2	cumul_up_3	
-25	0.000151619	0.000164082	0.000164087	0	0	0
-24.965	0.000150996	0.000164894	0.0001649	5.29015e-06	5.77707e-06	5.77726e-06
-24.9299	0.000151033	0.000165742	0.000165748	1.05816e-05	1.15838e-05	1.15843e-05
-24.8949	0.000151563	0.000166618	0.000166626	1.58916e-05	1.74213e-05	1.7422e-05
-24.8599	0.000152451	0.000167516	0.000167526	2.12327e-05	2.32902e-05	2.32913e-05
-24.8248	0.000153625	0.000168433	0.000168447	2.6615e-05	2.91913e-05	2.91928e-05
-24.7898	0.000155066	0.000169367	0.000169386	3.20478e-05	3.51251e-05	3.51273e-05
-24.7548	0.0001568	0.000170319	0.000170346	3.75413e-05	4.10922e-05	4.10954e-05
-24.7197	0.000158907	0.00017129	0.000171329	4.31086e-05	4.70933e-05	4.70979e-05
-24.6847	0.000161537	0.000172284	0.000172342	4.8768e-05	5.31293e-05	5.31359e-05
-24.6496	0.000164931	0.000173308	0.000173395	5.45464e-05	5.92011e-05	5.92108e-05
-24.6146	0.000169373	0.00017437	0.000174501	6.04804e-05	6.53102e-05	6.53244e-05
-24.5796	0.000174829	0.000175477	0.000175651	6.66055e-05	7.1458e-05	7.14783e-05
-24.5445	0.00018014	0.000176615	0.000176781	7.29167e-05	7.76457e-05	7.76719e-05
-24.5095	0.000183477	0.000177755	0.0001778	7.93448e-05	8.38734e-05	8.39011e-05
-24.4745	0.000184584	0.000178863	0.000178718	8.58117e-05	9.01399e-05	9.01625e-05
-24.4394	0.000183742	0.000179869	0.000179608	9.22492e-05	9.64416e-05	9.6455e-05
-24.4044	0.000181358	0.000180757	0.000180508	9.86031e-05	0.000102774	0.000102779
-24.3694	0.000179048	0.000181626	0.000181442	0.000104876	0.000109138	0.000109136
-24.3343	0.000177775	0.000182545	0.000182421	0.000111104	0.000115533	0.000115527
-24.2993	0.000177514	0.000183521	0.000183438	0.000117324	0.000121963	0.000121954
-24.2643	0.000177993	0.000184541	0.000184485	0.00012356	0.000128428	0.000128417
-24.2292	0.000178989	0.000185596	0.000185556	0.00012983	0.000134931	0.000134918
-24.1942	0.000180367	0.000186677	0.00018665	0.00013615	0.000141471	0.000141458
-24.1592	0.00018205	0.000187783	0.000187764	0.000142528	0.00014805	0.000148036
-24.1241	0.000184004	0.000188911	0.000188898	0.000148974	0.000154668	0.000154654
-24.0891	0.000186225	0.000190062	0.000190053	0.000155499	0.000161327	0.000161312
-24.0541	0.000188733	0.000191236	0.000191231	0.000162111	0.000168027	0.000168012
-24.019	0.000191573	0.000192437	0.000192435	0.000168823	0.000174769	0.000174754
-23.984	0.000194821	0.000193668	0.000193669	0.000175648	0.000181554	0.000181539
-23.9489	0.000198598	0.000194936	0.000194941	0.000182606	0.000188384	0.000188369
-23.9139	0.000203092	0.000196251	0.000196259	0.000189722	0.00019526	0.000195245
-23.8789	0.000208601	0.000197628	0.00019764	0.00019703	0.000202183	0.000202169
-23.8438	0.000215603	0.000199094	0.00019911	0.000204584	0.000209159	0.000209145
-23.8088	0.000224873	0.000200688	0.00020071	0.000212462	0.00021619	0.000216177
-23.7738	0.000237636	0.000202476	0.000202504	0.000220788	0.000223284	0.000223272
-23.7387	0.000255548	0.000204544	0.000204582	0.000229741	0.00023045	0.000230439
-23.7037	0.00027948	0.000206938	0.000206989	0.000239532	0.0002377	0.000237691
-23.6687	0.000304683	0.000209405	0.000209473	0.000250207	0.000245036	0.00024503
-23.6336	0.000316607	0.000211174	0.000211258	0.000261299	0.000252435	0.000252432
-23.5986	0.00030808	0.000211864	0.000211963	0.000272093	0.000259858	0.000259858
-23.5636	0.000292616	0.000212185	0.000212307	0.000282345	0.000267291	0.000267296
-23.5285	0.000282333	0.000212774	0.000212933	0.000292236	0.000274746	0.000274756
-23.4935	0.000279948	0.000213764	0.000213984	0.000302044	0.000282235	0.000282253
-23.4585	0.000285187	0.000215124	0.000215443	0.000312036	0.000289772	0.000289801
-23.4234	0.000298367	0.000216847	0.000217326	0.000322489	0.000297369	0.000297415
-23.3884	0.000321267	0.000218989	0.00021972	0.000333745	0.000305042	0.000305113
-23.3534	0.000356717	0.000221672	0.000222746	0.000346242	0.000312808	0.000312917
-23.3183	0.000404944	0.000224993	0.000226311	0.000360429	0.000320691	0.000320846
-23.2833	0.000454002	0.000228704	0.000229542	0.000376335	0.000328703	0.000328888
-23.2482	0.000479141	0.000231806	0.000231132	0.000393122	0.000336824	0.000336985
-23.2132	0.000468964	0.000233094	0.000231203	0.000409552	0.000344991	0.000345086
-23.1782	0.000439527	0.000232879	0.000230963	0.000424951	0.00035315	0.000353177
-23.1431	0.000409594	0.00023248	0.000231067	0.000439301	0.000361295	0.000361273
-23.1081	0.000381248	0.000232427	0.000231482	0.000452658	0.000369438	0.000369383
-23.0731	0.00035668	0.000232805	0.000232182	0.000465155	0.000377594	0.000377517
-23.038	0.000340667	0.000233661	0.000233246	0.00047709	0.000385781	0.000385689
-23.003	0.000333987	0.00023496	0.000234684	0.000488791	0.000394012	0.000393911
-22.968	0.000335633	0.000236665	0.000236483	0.00050055	0.000402304	0.000402196
-22.9329	0.000345319	0.000238789	0.000238677	0.000512648	0.00041067	0.000410559
-22.8979	0.000364278	0.000241432	0.000241376	0.000525411	0.000419128	0.000419015
-22.8629	0.000395578	0.000244791	0.000244785	0.00053927	0.000427705	0.000427591
-22.8278	0.00044366	0.00024914	0.000249184	0.000554813	0.000436433	0.000436321
-22.7928	0.000509452	0.000254539	0.000254637	0.000572662	0.000445351	0.000445243
-22.7578	0.000573922	0.000259857	0.00026001	0.000592769	0.000454455	0.000454352
-22.7227	0.000590982	0.000262354	0.000262547	0.000613475	0.000463647	0.00046355
-22.6877	0.00054834	0.000261299	0.000261516	0.000632686	0.000472801	0.000472713
-22.6527	0.000490151	0.000259316	0.000259562	0.000649858	0.000481887	0.000481806
-22.6176	0.000447072	0.000258225	0.000258521	0.000665521	0.000490934	0.000490864
-22.5826	0.00042302	0.000258249	0.000258628	0.000680342	0.000499981	0.000499925
-22.5475	0.000414285	0.000259155	0.000259661	0.000694856	0.000509061	0.000509022
-22.5125	0.000417918	0.000260745	0.000261448	0.000709498	0.000518196	0.000518182
-22.4775	0.00043324	0.000262941	0.00026395	0.000724677	0.000527408	0.000527429
-22.4424	0.00046202	0.000265789	0.000267282	0.000740864	0.00053672	0.000536793
-22.4074	0.000508772	0.000269464	0.00027172	0.000758688	0.000546161	0.000546313
-22.3724	0.000580632	0.000274288	0.000277676	0.000779031	0.000555771	0.000556042
-22.3373	0.000682952	0.000280639	0.000285296	0.000802958	0.000565603	0.000566037
-22.3023	0.000802377	0.00028847	0.000293144	0.000831069	0.000575709	0.000576307
-22.2673	0.000892023	0.000296332	0.00029757	0.000862321	0.000586091	0.000586733
-22.2322	0.000910881	0.000301119	0.00029717	0.000894234	0.000596641	0.000597144
-22.1972	0.000865351	0.000300767	0.000294665	0.000924552	0.000607178	0.000607468
-22.1622	0.000795092	0.000297653	0.000292474	0.000952408	0.000617607	0.000617714
-22.1271	0.000717677	0.000294531	0.00029093	0.000977552	0.000627926	0.000627907
-22.0921	0.000637309	0.000292221	0.000289835	0.00099988	0.000638164	0.000638062
-22.0571	0.00057146	0.000291101	0.000289512	0.0010199	0.000648362	0.000648205
-22.022	0.000527871	0.000291172	0.000290094	0.00103839	0.000658564	0.000658368
-21.987	0.000503406	0.000292194	0.000291452	0.00105603	0.000668801	0.000668579
-21.952	0.00049353	0.000293965	0.000293452	0.00107332	0.0006791	0.00067886
-21.9169	0.000495645	0.0002964	0.000296052	0.00109069	0.000689484	0.000689232
-21.8819	0.000509467	0.000299542	0.000299321	0.00110854	0.000699979	0.000699719
-21.8468	0.000537068	0.000303571	0.000303456	0.00112735	0.000710614	0.000710351
-21.8118	0.000582859	0.000308814	0.000308798	0.00114777	0.000721433	0.000721169
-21.7768	0.000651353	0.000315593	0.000315679	0.00117059	0.00073249	0.000732229
-21.7417	0.000735349	0.000323423	0.000323615	0.00119636	0.000743821	0.000743567
-21.7067	0.000793269	0.000329457	0.000329738	0.00122415	0.000755364	0.000755119
-21.6717	0.000776782	0.000330381	0.00033071	0.00125136	0.000766939	0.000766706
-21.6366	0.000711302	0.000327938	0.000328295	0.00127628	0.000778428	0.000778208
-21.6016	0.000650361	0.000325796	0.000326198	0.00129907	0.000789842	0.000789636
-21.5666	0.000612444	0.000325212	0.000325696	0.00132053	0.000801236	0.000801047
-21.5315	0.000595538	0.000326033	0.000326649	0.00134139	0.000812659	0.000812491
-21.4965	0.00059497	0.000327915	0.00032873	0.00136224	0.000824147	0.000824008
-21.4615	0.000608182	0.000330643	0.000331758	0.00138354	0.000835731	0.000835631
-21.4264	0.000635235	0.000334158	0.000335727	0.0014058	0.000847439	0.000847393
-21.3914	0.000678949	0.00033855	0.000340825	0.00142959	0.0008593	0.000859334
-21.3564	0.000745557	0.000344074	0.000347463	0.00145571	0.000871354	0.000871508
-21.3213	0.00084566	0.000351206	0.000356324	0.00148533	0.000883659	0.000883991
-21.2863	0.000992955	0.000360649	0.00036816	0.00152012	0.000896294	0.00089689
-21.2513	0.00119124	0.000373002	0.000382516	0.00156186	0.000909362	0.000910291
-21.2162	0.00140073	0.000387534	0.000395103	0.00161093	0.00092294	0.000924134
-21.1812	0.00153059	0.000400439	0.000399795	0.00166456	0.000936969	0.000938141
-21.1461	0.00149923	0.000405017	0.000396189	0.00171708	0.000951159	0.000952021
-21.1111	0.00132302	0.000399295	0.000388683	0.00176343	0.000965148	0.000965639
-21.0761	0.00112086	0.000390388	0.000382045	0.0018027	0.000978825	0.000979024
-21.041	0.000967145	0.000383903	0.000378199	0.00183659	0.000992275	0.000992274
-21.006	0.000866922	0.000380645	0.00037685	0.00186696	0.00100561	0.00100548
-20.971	0.000805282	0.00037981	0.000377252	0.00189517	0.00101892	0.00101869
-20.9359	0.000768961	0.000380593	0.000378827	0.00192211	0.00103225	0.00103197
-20.9009	0.000749267	0.000382457	0.000381209	0.00194836	0.00104565	0.00104532
-20.8659	0.000740889	0.000385076	0.000384178	0.00197432	0.00105914	0.00105878
-20.8308	0.000740621	0.000388256	0.000387601	0.00200027	0.00107275	0.00107236
-20.7958	0.00074653	0.000391883	0.000391405	0.00202642	0.00108647	0.00108607
-20.7608	0.000757472	0.000395892	0.000395547	0.00205296	0.00110034	0.00109993
-20.7257	0.000772813	0.000400254	0.000400013	0.00208004	0.00111437	0.00111395
-20.6907	0.000792285	0.000404961	0.000404805	0.0021078	0.00112856	0.00112813
-20.6557	0.000815902	0.000410028	0.000409945	0.00213638	0.00114292	0.00114249
-20.6206	0.000843946	0.000415486	0.000415469	0.00216595	0.00115748	0.00115705
-20.5856	0.000876976	0.000421391	0.000421438	0.00219667	0.00117224	0.00117181
-20.5506	0.000915901	0.000427827	0.000427937	0.00222876	0.00118723	0.0011868
-20.5155	0.000962102	0.000434915	0.000435093	0.00226247	0.00120247	0.00120205
-20.4805	0.00101765	0.000442838	0.000443093	0.00229812	0.00121798	0.00121757
-20.4454	0.0010857	0.000451871	0.000452216	0.00233616	0.00123381	0.00123342
-20.4104	0.00117112	0.000462435	0.000462891	0.00237719	0.00125001	0.00124963
-20.3754	0.00128161	0.000475201	0.000475797	0.00242209	0.00126666	0.0012663
-20.3403	0.00142962	0.000491246	0.000492025	0.00247218	0.00128387	0.00128354
-20.3053	0.00163495	0.000512289	0.000513315	0.00252946	0.00130182	0.00130152
-20.2703	0.00192604	0.000540796	0.000542164	0.00259694	0.00132077	0.00132052
-20.2352	0.00232711	0.000578848	0.000580688	0.00267847	0.00134105	0.00134086
-20.2002	0.002792	0.000622362	0.000624812	0.00277629	0.00136285	0.00136275
-20.1652	0.00310041	0.000652031	0.000655163	0.00288491	0.0013857	0.00138571
-20.1301	0.00305062	0.000650204	0.000654073	0.00299179	0.00140848	0.00140862
-20.0951	0.00281815	0.00063209	0.000636997	0.00309052	0.00143062	0.00143094
-20.0601	0.00266223	0.000620037	0.000626672	0.00318379	0.00145235	0.0014529
-20.025	0.00267343	0.000621511	0.000631036	0.00327746	0.00147412	0.001475
-19.99	0.00286932	0.000637371	0.00065164	0.00337798	0.00149645	0.00149783
-19.955	0.0032775	0.000669079	0.000690804	0.00349281	0.00151989	0.00152204
-19.9199	0.00394741	0.00072032	0.000752016	0.00363111	0.00154513	0.00154838
-19.8849	0.00488226	0.000794029	0.000831757	0.00380216	0.00157295	0.00157752
-19.8498	0.00584315	0.000880149	0.000900555	0.00400687	0.00160378	0.00160908
-19.8148	0.00629025	0.000939404	0.000913143	0.00422725	0.0016367	0.00164107
-19.7798	0.00590333	0.000928473	0.000869583	0.00443408	0.00166922	0.00167153
-19.7447	0.00503561	0.000866616	0.000810251	0.0046105	0.00169959	0.00169992
-19.7097	0.00423848	0.000805796	0.000764951	0.00475899	0.00172782	0.00172672
-19.6747	0.00371284	0.000767281	0.000740054	0.00488907	0.0017547	0.00175265
-19.6396	0.00343182	0.000749952	0.000732044	0.00500931	0.00178097	0.0017783
-19.6046	0.00333401	0.000748851	0.000737043	0.00512611	0.00180721	0.00180412
-19.5696	0.00338025	0.000760834	0.000753114	0.00524454	0.00183387	0.0018305
-19.5345	0.00355878	0.000785208	0.000780388	0.00536922	0.00186138	0.00185784
-19.4995	0.00388403	0.000823727	0.000821148	0.0055053	0.00189023	0.00188661
-19.4645	0.00439849	0.000880856	0.000880216	0.0056594	0.0019211	0.00191745
-19.4294	0.00517019	0.000963551	0.000964817	0.00584054	0.00195485	0.00195125
-19.3944	0.00624263	0.00107621	0.00107952	0.00605925	0.00199256	0.00198908
-19.3594	0.00742691	0.00119972	0.00120508	0.00631945	0.00203459	0.00203129
-19.3243	0.00807563	0.00126885	0.00127563	0.00660238	0.00207905	0.00207599
-19.2893	0.00778272	0.00124317	0.00125043	0.00687505	0.0021226	0.0021198
-19.2543	0.00711681	0.00118007	0.00118762	0.00712439	0.00216394	0.0021614
-19.2192	0.00666534	0.00113834	0.0011467	0.00735791	0.00220382	0.00220158
-19.1842	0.0065652	0.00113148	0.00114146	0.00758792	0.00224347	0.00224157
-19.1491	0.0067814	0.00115578	0.0011684	0.00782551	0.00228396	0.0022825
-19.1141	0.00727879	0.00120746	0.00122407	0.00808052	0.00232626	0.00232539
-19.0791	0.00805979	0.00128636	0.00130896	0.0083629	0.00237133	0.00237125
-19.044	0.00916988	0.00139643	0.00142807	0.00868416	0.00242025	0.00242128
-19.009	0.0107058	0.00154633	0.00159195	0.00905924	0.00247443	0.00247706
-18.974	0.0128363	0.00175129	0.00181903	0.00950896	0.00253579	0.00254079
-18.9389	0.0158421	0.00203668	0.00214004	0.010064	0.00260714	0.00261576
-18.9039	0.0201794	0.00244399	0.00260451	0.010771	0.00269277	0.00270701
-18.8689	0.0265372	0.0030379	0.00328361	0.0117007	0.0027992	0.00282205
-18.8338	0.035691	0.00390142	0.00423814	0.0129511	0.00293589	0.00297054
-18.7988	0.0475092	0.00506533	0.00536718	0.0146156	0.00311335	0.00315858
-18.7638	0.0589191	0.00629133	0.00620632	0.0166799	0.00333377	0.00337601
-18.7287	0.0646113	0.00695337	0.00631594	0.0189435	0.00357738	0.00359729
-18.6937	0.062436	0.00669904	0.00589177	0.021131	0.00381208	0.00380371
-18.6587	0.0559664	0.00605071	0.00541882	0.0230918	0.00402407	0.00399356
-18.6236	0.0510538	0.0056856	0.00528062	0.0248804	0.00422326	0.00417857
-18.5886	0.0510805	0.0058801	0.00565264	0.02667	0.00442927	0.00437661
-18.5536	0.0560031	0.00657738	0.00648297	0.0286321	0.00465971	0.00460374
-18.5185	0.0622113	0.00733873	0.0073562	0.0308117	0.00491682	0.00486146
-18.4835	0.0640891	0.00750378	0.00763829	0.033057	0.00517972	0.00512907
-18.4484	0.0612799	0.00706069	0.0073462	0.035204	0.00542709	0.00538644
-18.4134	0.0595084	0.00668726	0.00718113	0.0372889	0.00566138	0.00563804
-18.3784	0.0634454	0.00690088	0.00765539	0.0395117	0.00590315	0.00590624
-18.3433	0.0738111	0.00780213	0.0087346	0.0420976	0.0061765	0.00621226
-18.3083	0.086114	0.00898505	0.00967297	0.0451146	0.00649129	0.00655115
-18.2733	0.0909339	0.00941826	0.00943823	0.0483005	0.00682126	0.00688182
-18.2382	0.0827345	0.00844567	0.00801426	0.0511991	0.00711715	0.0071626
-18.2032	0.0660401	0.00672182	0.00625092	0.0535128	0.00735265	0.0073816
-18.1682	0.049051	0.00512988	0.00477908	0.0552314	0.00753238	0.00754904
-18.1331	0.0360176	0.00396924	0.0037361	0.0564932	0.00767144	0.00767993
-18.0981	0.0270352	0.00318434	0.00303227	0.0574404	0.007783	0.00778617
-18.0631	0.0209602	0.00265708	0.00255632	0.0581747	0.00787609	0.00787573
-18.028	0.0167896	0.00229732	0.00222883	0.058763	0.00795658	0.00795382
-17.993	0.0138607	0.00204762	0.00199982	0.0592486	0.00802832	0.00802388
-17.958	0.0117641	0.0018729	0.00183875	0.0596607	0.00809394	0.0080883
-17.9229	0.0102501	0.00175198	0.00172713	0.0600198	0.00815532	0.00814881
-17.8879	0.00916808	0.00167249	0.00165417	0.0603411	0.00821391	0.00820676
-17.8529	0.00843283	0.00162811	0.00161453	0.0606365	0.00827095	0.00826333
-17.8178	0.0080081	0.00161754	0.00160755	0.0609171	0.00832762	0.00831965
-17.7828	0.00790317	0.00164467	0.00163751	0.0611939	0.00838524	0.00837702
-17.7477	0.00817848	0.00171981	0.00171503	0.0614805	0.0084455	0.00843711
-17.7127	0.00894912	0.00186041	0.00185779	0.061794	0.00851068	0.00850219
-17.6777	0.0103257	0.00208276	0.00208224	0.0621558	0.00858365	0.00857514
-17.6426	0.0120991	0.00235742	0.00235893	0.0625797	0.00866624	0.00865779
-17.6076	0.0131655	0.00252893	0.00253202	0.0630409	0.00875484	0.0087465
-17.5726	0.0122993	0.00242749	0.0024314	0.0634718	0.00883989	0.00883168
-17.5375	0.0101807	0.00215162	0.00215599	0.0638285	0.00891527	0.00890722
-17.5025	0.00817088	0.0018914	0.00189644	0.0641148	0.00898154	0.00897366
-17.4675	0.00672503	0.00170939	0.00171554	0.0643504	0.00904142	0.00903376
-17.4324	0.00577089	0.00159522	0.00160296	0.0645526	0.00909731	0.00908992
-17.3974	0.00516097	0.00152828	0.00153823	0.0647334	0.00915086	0.00914382
-17.3624	0.00478905	0.00149373	0.0015067	0.0649012	0.00920319	0.0091966
-17.3273	0.00459364	0.00148288	0.00150002	0.0650621	0.00925514	0.00924916
-17.2923	0.00454576	0.0014914	0.00151444	0.0652214	0.00930739	0.00930222
-17.2573	0.00464101	0.00151818	0.00154974	0.065384	0.00936058	0.00935651
-17.2222	0.00489805	0.00156488	0.00160914	0.0655556	0.00941541	0.00941289
-17.1872	0.00536341	0.00163639	0.0017001	0.0657435	0.00947274	0.00947245
-17.1522	0.00612373	0.00174206	0.0018363	0.065958	0.00953377	0.00953679
-17.1171	0.00732466	0.00189793	0.00204044	0.0662146	0.00960027	0.00960827
-17.0821	0.00917754	0.00212862	0.00234424	0.0665362	0.00967484	0.0096904
-17.047	0.0118532	0.00246164	0.00276699	0.0669515	0.00976109	0.00978734
-17.012	0.0150043	0.00289133	0.00322862	0.0674771	0.00986238	0.00990046
-16.977	0.0171736	0.00331043	0.00346525	0.0680788	0.00997836	0.0100219
-16.9419	0.0169502	0.00351705	0.00330143	0.0686727	0.0101016	0.0101375
-16.9069	0.0146452	0.00336137	0.00291895	0.0691858	0.0102194	0.0102398
-16.8719	0.0116409	0.00296522	0.00254951	0.0695936	0.0103232	0.0103291
-16.8368	0.00912188	0.00258516	0.0022849	0.0699132	0.0104138	0.0104092
-16.8018	0.0073956	0.00232361	0.00212315	0.0701723	0.0104952	0.0104836
-16.7668	0.0063137	0.00217034	0.00203771	0.0703935	0.0105713	0.0105549
-16.7317	0.00568722	0.0020958	0.00200716	0.0705927	0.0106447	0.0106253
-16.6967	0.00539333	0.0020794	0.00201977	0.0707817	0.0107175	0.010696
-16.6617	0.00537539	0.00211185	0.00207219	0.07097	0.0107915	0.0107686
-16.6266	0.00563265	0.00219381	0.00216876	0.0711674	0.0108684	0.0108446
-16.5916	0.00621913	0.00233589	0.00232241	0.0713852	0.0109502	0.010926
-16.5566	0.00724587	0.00255906	0.00255569	0.0716391	0.0110399	0.0110155
-16.5215	0.00883868	0.00288679	0.00289321	0.0719488	0.011141	0.0111169
-16.4865	0.0108841	0.00329758	0.00331398	0.0723301	0.0112565	0.011233
-16.4515	0.0124633	0.00362023	0.00364616	0.0727667	0.0113834	0.0113607
-16.4164	0.0122831	0.00361673	0.00365108	0.0731971	0.0115101	0.0114886
-16.3814	0.0107415	0.00336421	0.0034078	0.0735734	0.011628	0.011608
-16.3463	0.00923571	0.00312045	0.0031772	0.073897	0.0117373	0.0117193
-16.3113	0.00837145	0.00299539	0.00307203	0.0741903	0.0118422	0.011827
-16.2763	0.00817681	0.002993	0.00309989	0.0744768	0.0119471	0.0119356
-16.2412	0.00860521	0.00310345	0.00325701	0.0747782	0.0120558	0.0120497
-16.2062	0.00970489	0.00333355	0.00356043	0.0751182	0.0121726	0.0121744
-16.1712	0.0116654	0.00371526	0.00405761	0.0755269	0.0123028	0.0123166
-16.1361	0.0148328	0.00431099	0.00482531	0.0760466	0.0124538	0.0124856
-16.1011	0.0195792	0.00520456	0.00591672	0.0767326	0.0126361	0.0126929
-16.0661	0.0256042	0.00641162	0.00714299	0.0776296	0.0128608	0.0129432
-16.031	0.0306096	0.00760409	0.0078297	0.078702	0.0131272	0.0132175
-15.996	0.0310822	0.00798681	0.00744722	0.079791	0.013407	0.0134784
-15.961	0.0265508	0.00723395	0.00640047	0.0807212	0.0136604	0.0137027
-15.9259	0.0203898	0.00605504	0.005356	0.0814356	0.0138726	0.0138903
-15.8909	0.0153263	0.00508228	0.00459783	0.0819725	0.0140506	0.0140514
-15.8559	0.0118515	0.00443678	0.00411622	0.0823877	0.0142061	0.0141956
-15.8208	0.00958957	0.00404424	0.00383119	0.0827237	0.0143478	0.0143298
-15.7858	0.00813386	0.00382157	0.00367745	0.0830087	0.0144817	0.0144587
-15.7508	0.00720891	0.00371264	0.00361361	0.0832612	0.0146117	0.0145853
-15.7157	0.00664855	0.00368411	0.00361568	0.0834942	0.0147408	0.0147119
-15.6807	0.00635802	0.00371763	0.00367095	0.0837169	0.0148711	0.0148406
-15.6456	0.00628906	0.00380483	0.00377446	0.0839373	0.0150044	0.0149728
-15.6106	0.00642715	0.00394487	0.00392758	0.0841624	0.0151426	0.0151104
-15.5756	0.00678818	0.00414409	0.00413814	0.0844003	0.0152878	0.0152554
-15.5405	0.00742312	0.0044176	0.00442238	0.0846603	0.0154425	0.0154103
-15.5055	0.00843178	0.00479304	0.00480899	0.0849557	0.0156105	0.0155788
-15.4705	0.00998416	0.00531633	0.00534503	0.0853055	0.0157967	0.0157661
-15.4354	0.0123266	0.00605318	0.00609753	0.0857374	0.0160088	0.0159797
-15.4004	0.0156474	0.00705329	0.00711744	0.0862856	0.0162559	0.0162291
-15.3654	0.0194588	0.00818665	0.00827454	0.0869673	0.0165427	0.016519
-15.3303	0.0217879	0.00893359	0.00904706	0.0877307	0.0168557	0.0168359
-15.2953	0.0210634	0.00889331	0.00903667	0.0884686	0.0171673	0.0171525
-15.2603	0.0188948	0.0085009	0.00868891	0.0891306	0.0174651	0.0174569
-15.2252	0.0174884	0.00832929	0.00858985	0.0897433	0.0177569	0.0177579
-15.1902	0.0176584	0.00858531	0.00896366	0.090362	0.0180577	0.0180719
-15.1552	0.0196345	0.00932835	0.00989569	0.0910499	0.0183845	0.0184186
-15.1201	0.02374	0.0106497	0.0115048	0.0918816	0.0187576	0.0188217
-15.0851	0.0303252	0.0126791	0.0138876	0.0929441	0.0192019	0.0193082
-15.0501	0.0386766	0.0153684	0.0166972	0.0942991	0.0197403	0.0198932
-15.015	0.045335	0.0180117	0.0186031	0.0958874	0.0203713	0.020545
-14.98	0.0459252	0.019235	0.0183826	0.0974964	0.0210452	0.021189
-14.9449	0.0401346	0.0183712	0.0166657	0.0989025	0.0216889	0.0217729
-14.9099	0.0318989	0.0164801	0.0148747	0.10002	0.0222663	0.022294
-14.8749	0.0248994	0.0149278	0.0137632	0.100892	0.0227892	0.0227762
-14.8398	0.0201881	0.0142019	0.0134239	0.1016	0.0232868	0.0232465
-14.8048	0.0174206	0.0142706	0.0137575	0.10221	0.0237868	0.0237285
-14.7698	0.0161053	0.0150487	0.0147084	0.102774	0.024314	0.0242438
-14.7347	0.0159593	0.0165481	0.0163226	0.103333	0.0248938	0.0248157
-14.6997	0.0169385	0.0189155	0.0187702	0.103927	0.0255565	0.0254733
-14.6647	0.0192295	0.0224634	0.0223785	0.104601	0.0263435	0.0262574
-14.6296	0.0232161	0.0276889	0.027654	0.105414	0.0273136	0.0272262
-14.5946	0.0291611	0.0350927	0.0351022	0.106436	0.028543	0.028456
-14.5596	0.0359667	0.0443059	0.0443539	0.107696	0.0300953	0.03001
-14.5245	0.0398579	0.0529171	0.0529948	0.109092	0.0319493	0.0318666
-14.4895	0.0379024	0.0583816	0.0584878	0.11042	0.0339947	0.0339158
-14.4545	0.0323891	0.0611243	0.0612698	0.111555	0.0361361	0.0360623
-14.4194	0.0271325	0.0628591	0.0630607	0.112505	0.0383384	0.0382717
-14.3844	0.023797	0.0645534	0.0648346	0.113339	0.0406	0.0405432
-14.3493	0.0224363	0.0665107	0.0669072	0.114125	0.0429303	0.0428873
-14.3143	0.0227845	0.0688522	0.0694203	0.114923	0.0453425	0.0453194
-14.2793	0.0247697	0.0717265	0.0725572	0.115791	0.0478554	0.0478614
-14.2442	0.0286351	0.0753848	0.0766246	0.116794	0.0504965	0.050546
-14.2092	0.0350049	0.0802335	0.082104	0.118021	0.0533075	0.0534225
-14.1742	0.0449149	0.0868654	0.0896206	0.119594	0.0563509	0.0565624
-14.1391	0.05943	0.0958799	0.0994672	0.121677	0.05971	0.0600472
-14.1041	0.077764	0.106891	0.110015	0.124401	0.063455	0.0639016
-14.0691	0.0942335	0.116536	0.116608	0.127703	0.0675378	0.067987
-14.034	0.101315	0.119783	0.116214	0.131252	0.0717344	0.0720585
-13.999	0.0987347	0.116445	0.111446	0.134711	0.0758141	0.075963
-13.964	0.0911654	0.110485	0.105847	0.137905	0.0796849	0.0796714
-13.9289	0.080562	0.104523	0.100724	0.140728	0.0833469	0.0832003
-13.8939	0.0678754	0.0994072	0.096507	0.143106	0.0868296	0.0865814
-13.8589	0.0568478	0.0959286	0.0939287	0.145097	0.0901905	0.0898722
-13.8238	0.0502574	0.0944146	0.0931753	0.146858	0.0934983	0.0931366
-13.7888	0.0482275	0.09428	0.0936183	0.148548	0.0968014	0.0964165
-13.7538	0.0497971	0.0944942	0.0942979	0.150293	0.100112	0.0997202
-13.7187	0.0537908	0.0945319	0.0948057	0.152177	0.103424	0.103042
-13.6837	0.0583391	0.094701	0.09554	0.154221	0.106742	0.106389
-13.6486	0.0602857	0.0948651	0.096398	0.156333	0.110065	0.109766
-13.6136	0.0581893	0.0947123	0.0970939	0.158372	0.113384	0.113168
-13.5786	0.0540312	0.0948276	0.0982455	0.160265	0.116706	0.11661
-13.5435	0.0507206	0.0961246	0.100711	0.162042	0.120074	0.120138
-13.5085	0.050496	0.0991391	0.104722	0.163811	0.123547	0.123807
-13.4735	0.0542175	0.103813	0.109606	0.16571	0.127184	0.127647
-13.4384	0.0609369	0.109648	0.11393	0.167845	0.131026	0.131639
-13.4034	0.0678795	0.115063	0.11571	0.170223	0.135057	0.135693
-13.3684	0.072232	0.117339	0.114265	0.172754	0.139168	0.139696
-13.3333	0.0731005	0.115595	0.110615	0.175315	0.143218	0.143572
-13.2983	0.0709419	0.111112	0.105943	0.177801	0.14711	0.147283
-13.2633	0.0669495	0.105508	0.101221	0.180146	0.150807	0.15083
-13.2282	0.0622621	0.0999325	0.0969107	0.182328	0.154308	0.154225
-13.1932	0.0567261	0.0945996	0.0926259	0.184315	0.157622	0.15747
-13.1582	0.0501579	0.0895995	0.0883184	0.186072	0.160761	0.160564
-13.1231	0.0434552	0.0858221	0.0850174	0.187595	0.163768	0.163543
-13.0881	0.0383313	0.0844843	0.0840566	0.188938	0.166728	0.166488
-13.0531	0.0361871	0.0864098	0.0863257	0.190205	0.169756	0.169512
-13.018	0.0372529	0.0913181	0.0915765	0.191511	0.172955	0.172721
-12.983	0.0401467	0.0966088	0.0971693	0.192917	0.17634	0.176125
-12.9479	0.0414249	0.098062	0.0987874	0.194369	0.179775	0.179586
-12.9129	0.038604	0.0942616	0.0950062	0.195721	0.183078	0.182914
-12.8779	0.0332072	0.0882384	0.0889503	0.196884	0.186169	0.186031
-12.8428	0.027827	0.083536	0.0842421	0.197859	0.189096	0.188982
-12.8078	0.0239052	0.0820709	0.0828373	0.198697	0.191971	0.191884
-12.7728	0.0217481	0.0843116	0.0852389	0.199459	0.194925	0.194871
-12.7377	0.0210529	0.0893846	0.0906309	0.200196	0.198057	0.198046
-12.7027	0.0214855	0.0956618	0.0974561	0.200949	0.201408	0.20146
-12.6677	0.0230736	0.102318	0.104909	0.201758	0.204993	0.205136
-12.6326	0.0260961	0.109419	0.112858	0.202672	0.208826	0.20909
-12.5976	0.0306008	0.116623	0.120196	0.203744	0.212912	0.213301
-12.5626	0.0358005	0.121939	0.123792	0.204998	0.217184	0.217638
-12.5275	0.0402615	0.122316	0.121146	0.206409	0.22147	0.221882
-12.4925	0.0431698	0.117369	0.114015	0.207921	0.225582	0.225877
-12.4575	0.0443467	0.110188	0.106121	0.209475	0.229442	0.229595
-12.4224	0.0432771	0.103708	0.0998562	0.210991	0.233075	0.233093
-12.3874	0.0389967	0.0984844	0.0954413	0.212357	0.236526	0.236437
-12.3524	0.0321575	0.0942175	0.0922801	0.213484	0.239827	0.23967
-12.3173	0.0253382	0.0912804	0.0902727	0.214372	0.243025	0.242833
-12.2823	0.0200851	0.0897682	0.0893696	0.215075	0.24617	0.245964
-12.2472	0.0164584	0.0893683	0.0893426	0.215652	0.249301	0.249094
-12.2122	0.0140815	0.089745	0.0899544	0.216145	0.252445	0.252246
-12.1772	0.0126368	0.0906687	0.0910383	0.216588	0.255622	0.255435
-12.1421	0.0119474	0.0920001	0.0924913	0.217007	0.258845	0.258676
-12.1071	0.0119555	0.0936429	0.094237	0.217426	0.262126	0.261977
-12.0721	0.0126731	0.0954829	0.0961718	0.21787	0.265471	0.265347
-12.037	0.0140594	0.0973477	0.0981279	0.218362	0.268881	0.268784
-12.002	0.0157726	0.099221	0.100094	0.218915	0.272358	0.272291
-11.967	0.0170607	0.101691	0.102684	0.219512	0.27592	0.275889
-11.9319	0.0171681	0.105099	0.106296	0.220114	0.279603	0.279613
-11.8969	0.0160269	0.108594	0.110109	0.220675	0.283407	0.283471
-11.8619	0.014575	0.11187	0.113785	0.221186	0.287327	0.287457
-11.8268	0.0137265	0.115358	0.117633	0.221667	0.291368	0.291578
-11.7918	0.0137814	0.119155	0.121424	0.22215	0.295543	0.295832
-11.7568	0.0146407	0.122608	0.123904	0.222663	0.299838	0.300173
-11.7217	0.0159712	0.124172	0.123337	0.223222	0.304189	0.304495
-11.6867	0.017379	0.12261	0.119579	0.223831	0.308484	0.308684
-11.6517	0.0184819	0.118895	0.114831	0.224479	0.31265	0.312707
-11.6166	0.0188034	0.115029	0.111513	0.225137	0.31668	0.316614
-11.5816	0.0181101	0.11228	0.110225	0.225772	0.320614	0.320476
-11.5465	0.016393	0.110703	0.109892	0.226346	0.324492	0.324326
-11.5115	0.0138471	0.110047	0.109941	0.226831	0.328348	0.328178
-11.4765	0.0112356	0.110544	0.110796	0.227225	0.33222	0.332059
-11.4414	0.00918767	0.112229	0.11267	0.227547	0.336152	0.336007
-11.4064	0.00780834	0.114861	0.11541	0.22782	0.340177	0.34005
-11.3714	0.00697846	0.118225	0.118842	0.228065	0.344319	0.344214
-11.3363	0.00657984	0.122212	0.122879	0.228296	0.3486	0.348519
-11.3013	0.00654876	0.126803	0.127512	0.228525	0.353043	0.352986
-11.2663	0.00687126	0.132027	0.132769	0.228766	0.357668	0.357638
-11.2312	0.0075488	0.13789	0.138643	0.22903	0.362499	0.362495
-11.1962	0.00848122	0.144153	0.144852	0.229327	0.36755	0.36757
-11.1612	0.00925282	0.149753	0.150282	0.229651	0.372796	0.372835
-11.1261	0.00931703	0.152458	0.152707	0.229978	0.378138	0.378185
-11.0911	0.00876012	0.150755	0.150749	0.230285	0.383419	0.383467
-11.0561	0.00808947	0.145866	0.145727	0.230568	0.38853	0.388572
-11.021	0.00756542	0.139935	0.139757	0.230833	0.393433	0.393469
-10.986	0.00721182	0.134183	0.134008	0.231086	0.398134	0.398164
-10.951	0.00698795	0.129012	0.128851	0.231331	0.402654	0.402678
-10.9159	0.00685477	0.12447	0.124325	0.231571	0.407014	0.407034
-10.8809	0.00678566	0.120497	0.120366	0.231809	0.411236	0.411251
-10.8458	0.00676422	0.117011	0.116892	0.232046	0.415335	0.415346
-10.8108	0.00678079	0.113929	0.11382	0.232283	0.419327	0.419334
-10.7758	0.00682998	0.111176	0.111078	0.232522	0.423222	0.423225
-10.7407	0.00691008	0.108693	0.108607	0.232765	0.42703	0.42703
-10.7057	0.00702701	0.106476	0.106403	0.233011	0.43076	0.430758
-10.6707	0.00720687	0.104689	0.104621	0.233263	0.434428	0.434424
-10.6356	0.0074982	0.103615	0.10352	0.233526	0.438058	0.43805
-10.6006	0.0079348	0.103196	0.10303	0.233804	0.441674	0.44166
-10.5656	0.00853248	0.103122	0.102871	0.234103	0.445287	0.445264
-10.5305	0.00931297	0.103411	0.103078	0.234429	0.44891	0.448875
-10.4955	0.0102329	0.104313	0.103902	0.234788	0.452564	0.452516
-10.4605	0.0111352	0.106083	0.105617	0.235178	0.456281	0.456216
-10.4254	0.0119456	0.108844	0.108451	0.235596	0.460094	0.460016
-10.3904	0.0125207	0.111701	0.11172	0.236035	0.464008	0.46393
-10.3554	0.0124012	0.112913	0.113572	0.236469	0.467964	0.467909
-10.3203	0.0116872	0.112338	0.113239	0.236879	0.471899	0.471876
-10.2853	0.0110274	0.11132	0.112014	0.237265	0.475799	0.4758
-10.2503	0.0107586	0.110888	0.111317	0.237642	0.479684	0.4797
-10.2152	0.0108965	0.111462	0.111717	0.238024	0.48359	0.483614
-10.1802	0.0113949	0.113184	0.113336	0.238423	0.487555	0.487585
-10.1451	0.0122428	0.116154	0.116244	0.238852	0.491624	0.491658
-10.1101	0.0134805	0.120561	0.12061	0.239324	0.495848	0.495883
-10.0751	0.0152063	0.126748	0.126766	0.239857	0.500289	0.500325
-10.04	0.0175953	0.135275	0.135268	0.240474	0.505028	0.505064
-10.005	0.0209359	0.147038	0.147003	0.241207	0.51018	0.510214
-9.96997	0.0256857	0.163429	0.163362	0.242107	0.515905	0.515937
-9.93493	0.0325085	0.186509	0.186401	0.243246	0.52244	0.522468
-9.8999	0.0420789	0.218766	0.218598	0.24472	0.530104	0.530127
-9.86486	0.0541931	0.261503	0.261256	0.246619	0.539266	0.53928
-9.82983	0.0671472	0.313623	0.313272	0.248971	0.550254	0.550255
-9.79479	0.080652	0.377173	0.376705	0.251797	0.563468	0.563453
-9.75976	0.096176	0.457117	0.456582	0.255166	0.579483	0.579449
-9.72472	0.111735	0.549436	0.549004	0.259081	0.598733	0.598684
-9.68969	0.12313	0.643264	0.643073	0.263395	0.621269	0.621214
-9.65465	0.128344	0.73018	0.73022	0.267892	0.646851	0.646797
-9.61962	0.127288	0.805006	0.805234	0.272351	0.675055	0.675009
-9.58458	0.118167	0.852479	0.852891	0.276491	0.704921	0.70489
-9.54955	0.0998655	0.844166	0.844741	0.27999	0.734497	0.734485
-9.51451	0.0780164	0.764381	0.765005	0.282723	0.761277	0.761287
-9.47948	0.0589506	0.626094	0.626615	0.284788	0.783212	0.783241
-9.44444	0.0442615	0.473288	0.473646	0.286339	0.799794	0.799835
-9.40941	0.0335343	0.347028	0.347241	0.287514	0.811952	0.812
-9.37437	0.0259794	0.257128	0.25723	0.288424	0.82096	0.821013
-9.33934	0.0206899	0.195926	0.195934	0.289149	0.827825	0.827877
-9.3043	0.0169349	0.154123	0.154037	0.289742	0.833224	0.833274
-9.26927	0.0142261	0.125129	0.124932	0.290241	0.837608	0.837651
-9.23423	0.0122606	0.104865	0.104519	0.29067	0.841282	0.841313
-9.1992	0.0108548	0.090886	0.0903474	0.291051	0.844466	0.844478
-9.16416	0.00987722	0.0814641	0.0807673	0.291397	0.847321	0.847308
-9.12913	0.00915426	0.0744576	0.0738856	0.291717	0.849929	0.849896
-9.09409	0.00844116	0.0672386	0.0671537	0.292013	0.852285	0.852249
-9.05906	0.00764837	0.0591917	0.0594667	0.292281	0.854359	0.854332
-9.02402	0.00693271	0.0519243	0.0522315	0.292524	0.856178	0.856162
-8.98899	0.00643234	0.0465405	0.0467608	0.292749	0.857808	0.8578
-8.95395	0.00613993	0.0429159	0.0430539	0.292965	0.859312	0.859309
-8.91892	0.00588989	0.0399575	0.0400397	0.293171	0.860712	0.860712
-8.88388	0.00545843	0.0363038	0.036353	0.293362	0.861984	0.861985
-8.84885	0.00487884	0.0320794	0.0321108	0.293533	0.863108	0.86311
-8.81381	0.00434064	0.0282721	0.0282934	0.293685	0.864098	0.864102
-8.77878	0.00391895	0.0252442	0.0252592	0.293822	0.864983	0.864987
-8.74374	0.0036038	0.0229062	0.0229169	0.293949	0.865785	0.865789
-8.70871	0.00337221	0.021107	0.0211146	0.294067	0.866525	0.866529
-8.67367	0.00320972	0.019747	0.0197522	0.294179	0.867216	0.867221
-8.63864	0.0031122	0.0187862	0.0187897	0.294288	0.867875	0.867879
-8.6036	0.00308118	0.0182277	0.0182296	0.294396	0.868513	0.868518
-8.56857	0.00310505	0.0180523	0.0180528	0.294505	0.869146	0.869151
-8.53353	0.00312019	0.018051	0.01805	0.294614	0.869778	0.869783
-8.4985	0.00304214	0.0178323	0.0178291	0.294721	0.870403	0.870408
-8.46346	0.00290483	0.0174463	0.0174394	0.294823	0.871014	0.871019
-8.42843	0.00280616	0.0174077	0.0173929	0.294921	0.871624	0.871628
-8.39339	0.00276483	0.0178319	0.0178013	0.295018	0.872249	0.872252
-8.35836	0.00270496	0.0179764	0.0179345	0.295113	0.872879	0.87288
-8.32332	0.00255391	0.0169157	0.0168897	0.295202	0.873471	0.873472
-8.28829	0.00235536	0.0150268	0.0150202	0.295285	0.873998	0.873998
-8.25325	0.00218302	0.0132828	0.0132826	0.295361	0.874463	0.874463
-8.21822	0.00205944	0.0120679	0.0120684	0.295433	0.874886	0.874886
-8.18318	0.00197913	0.0113604	0.0113606	0.295503	0.875284	0.875284
-8.14815	0.00192881	0.0109961	0.0109961	0.29557	0.875669	0.875669
-8.11311	0.00188541	0.0106334	0.0106334	0.295636	0.876042	0.876042
-8.07808	0.00182695	0.00994563	0.00994561	0.2957	0.87639	0.87639
-8.04304	0.00176063	0.00906593	0.00906596	0.295762	0.876708	0.876708
-8.00801	0.00170416	0.00827701	0.00827715	0.295822	0.876998	0.876998
-7.97297	0.00166317	0.00766109	0.0076614	0.29588	0.877266	0.877266
-7.93794	0.00163668	0.00719152	0.00719203	0.295937	0.877518	0.877518
-7.9029	0.00162359	0.00683031	0.00683109	0.295994	0.877757	0.877758
-7.86787	0.00162446	0.00655193	0.00655305	0.296051	0.877987	0.877987
-7.83283	0.00164207	0.00634358	0.00634517	0.296109	0.878209	0.87821
-7.7978	0.00168144	0.00620226	0.00620448	0.296168	0.878426	0.878427
-7.76276	0.00174729	0.00612976	0.00613287	0.296229	0.878641	0.878642
-7.72773	0.00183183	0.00611722	0.00612162	0.296293	0.878855	0.878856
-7.69269	0.00189697	0.00612213	0.00612844	0.296359	0.87907	0.879071
-7.65766	0.00191248	0.00611213	0.00612138	0.296426	0.879284	0.879286
-7.62262	0.00191908	0.00615012	0.00616403	0.296494	0.8795	0.879501
-7.58759	0.00197433	0.00633602	0.00635733	0.296563	0.879722	0.879724
-7.55255	0.00211105	0.0067552	0.00678743	0.296637	0.879958	0.879962
-7.51752	0.00234729	0.0074876	0.00753129	0.296719	0.880221	0.880226
-7.48248	0.00265701	0.00852392	0.00856292	0.296812	0.880519	0.880526
-7.44745	0.00288672	0.00949703	0.00949064	0.296913	0.880852	0.880858
-7.41241	0.0028386	0.00974023	0.00968065	0.297013	0.881193	0.881198
-7.37738	0.0025795	0.00927695	0.0092089	0.297103	0.881518	0.88152
-7.34234	0.00231971	0.00872544	0.00867485	0.297184	0.881824	0.881824
-7.30731	0.00213645	0.00814586	0.00811322	0.297259	0.882109	0.882108
-7.27227	0.00201671	0.00729451	0.00727415	0.29733	0.882365	0.882363
-7.23724	0.00195288	0.00636677	0.0063542	0.297398	0.882588	0.882586
-7.2022	0.00194756	0.00563827	0.00563093	0.297466	0.882785	0.882783
-7.16717	0.00200381	0.00515904	0.00515562	0.297537	0.882966	0.882964
-7.13213	0.0021316	0.00488778	0.00488773	0.297611	0.883137	0.883135
-7.0971	0.00235294	0.00479026	0.0047936	0.297694	0.883305	0.883303
-7.06206	0.00269732	0.00485684	0.00486415	0.297788	0.883475	0.883473
-7.02703	0.00316076	0.00508221	0.0050948	0.297899	0.883653	0.883652
-6.99199	0.00359955	0.00540514	0.00542545	0.298025	0.883843	0.883842
-6.95696	0.0037699	0.00570392	0.00573594	0.298157	0.884043	0.884043
-6.92192	0.00373036	0.00602286	0.00607177	0.298288	0.884254	0.884256
-6.88689	0.00378159	0.00659791	0.00666478	0.29842	0.884485	0.884489
-6.85185	0.00400456	0.00750899	0.00757289	0.298561	0.884748	0.884754
-6.81682	0.00413699	0.0083809	0.00839327	0.298706	0.885042	0.885048
-6.78178	0.00387299	0.00849724	0.00845171	0.298841	0.885339	0.885345
-6.74675	0.00333524	0.00764591	0.00758913	0.298958	0.885607	0.88561
-6.71171	0.00282018	0.00636303	0.00631986	0.299057	0.88583	0.885832
-6.67668	0.00244716	0.00522392	0.00519518	0.299143	0.886013	0.886014
-6.64164	0.00220761	0.00440043	0.00438174	0.29922	0.886167	0.886167
-6.60661	0.00206681	0.00383928	0.00382703	0.299292	0.886302	0.886301
-6.57157	0.00199757	0.00345757	0.00344947	0.299362	0.886423	0.886422
-6.53654	0.00197589	0.00319218	0.00318684	0.299432	0.886535	0.886534
-6.5015	0.00196261	0.00299335	0.00298995	0.2995	0.88664	0.886639
-6.46647	0.00191746	0.00282355	0.00282157	0.299568	0.886739	0.886738
-6.43143	0.00185141	0.00267404	0.00267322	0.299632	0.886832	0.886831
-6.3964	0.00179743	0.00255029	0.00255052	0.299695	0.886922	0.886921
-6.36136	0.00176654	0.00245175	0.00245304	0.299757	0.887007	0.887007
-6.32633	0.00175654	0.00237417	0.00237671	0.299819	0.887091	0.88709
-6.29129	0.00176397	0.00231412	0.00231823	0.299881	0.887172	0.887171
-6.25626	0.00178743	0.00227	0.00227627	0.299943	0.887251	0.887251
-6.22122	0.00182815	0.0022423	0.00225173	0.300007	0.88733	0.88733
-6.18619	0.00189046	0.00223394	0.00224819	0.300074	0.887408	0.887408
-6.15115	0.00198299	0.00225123	0.00227307	0.300143	0.887487	0.887488
-6.11612	0.0021204	0.00230536	0.00233909	0.300217	0.887568	0.88757
-6.08108	0.00232297	0.00241288	0.00246356	0.300299	0.887652	0.887656
-6.04605	0.00260126	0.00258696	0.00265308	0.30039	0.887743	0.887749
-6.01101	0.00290104	0.00279968	0.00285134	0.300491	0.887841	0.887849
-5.97598	0.00305923	0.00293212	0.00290856	0.300599	0.887944	0.887951
-5.94094	0.0029317	0.00283316	0.00272741	0.300701	0.888043	0.888047
-5.90591	0.00255419	0.00249012	0.00237006	0.300791	0.88813	0.88813
-5.87087	0.00207978	0.00204556	0.00195605	0.300864	0.888202	0.888198
-5.83584	0.00156934	0.0015819	0.00152707	0.300919	0.888257	0.888252
-5.8008	0.000959644	0.00106452	0.00103756	0.300952	0.888295	0.888288
-5.76577	0.000147148	0.000421287	0.000420375	0.300958	0.888309	0.888303
-5.73073	-0.000812261	-0.000301591	-0.000257395	0.300929	0.888299	0.888294
-5.6957	-0.000839398	-0.000389434	-0.000232886	0.3009	0.888285	0.888286
-5.66066	0.00221716	0.00148014	0.00164059	0.300977	0.888337	0.888343
-5.62563	0.00443668	0.00296505	0.00294803	0.301133	0.888441	0.888446
-5.59059	0.00427986	0.0028929	0.00284498	0.301283	0.888542	0.888546
-5.55556	0.00375225	0.00250845	0.00247338	0.301414	0.88863	0.888633
-5.52052	0.00338922	0.00221067	0.00218846	0.301533	0.888708	0.888709
-5.48549	0.00319967	0.00202107	0.00200722	0.301645	0.888778	0.88878
-5.45045	0.00312966	0.00190604	0.00189724	0.301755	0.888845	0.888846
-5.41542	0.00313972	0.00183825	0.0018325	0.301865	0.88891	0.88891
-5.38038	0.00320859	0.00180127	0.00179739	0.301977	0.888973	0.888973
-5.34535	0.00332857	0.00178632	0.00178364	0.302094	0.889035	0.889036
-5.31031	0.00350303	0.00178971	0.0017878	0.302216	0.889098	0.889098
-5.27528	0.00374648	0.00181145	0.00181007	0.302348	0.889161	0.889162
-5.24024	0.00408481	0.00185478	0.00185377	0.302491	0.889226	0.889227
-5.20521	0.00454175	0.00192432	0.00192357	0.30265	0.889294	0.889294
-5.17017	0.00506221	0.00201606	0.00201552	0.302827	0.889364	0.889365
-5.13514	0.00533378	0.00209157	0.00209119	0.303014	0.889438	0.889438
-5.1001	0.00487336	0.00208325	0.00208301	0.303185	0.889511	0.889511
-5.06507	0.00363077	0.00198647	0.00198636	0.303312	0.88958	0.889581
-5.03003	0.00183416	0.0018514	0.00185142	0.303376	0.889645	0.889646
-4.99499	-0.000230764	0.00172711	0.00172729	0.303368	0.889706	0.889706
-4.95996	0.000543763	0.00192882	0.00192918	0.303387	0.889773	0.889774
-4.92492	0.0095819	0.00278065	0.00278122	0.303723	0.889871	0.889871
-4.88989	0.0118686	0.00302397	0.00302487	0.304139	0.889977	0.889977
-4.85485	0.0108977	0.00289754	0.00289894	0.304521	0.890078	0.890079
-4.81982	0.0102918	0.0028229	0.0028251	0.304881	0.890177	0.890178
-4.78478	0.0103771	0.00286942	0.00287292	0.305245	0.890278	0.890278
-4.74975	0.0110995	0.00304299	0.00304857	0.305634	0.890384	0.890385
-4.71471	0.0124678	0.00336013	0.00336878	0.30607	0.890502	0.890503
-4.67968	0.0145537	0.00385015	0.00386196	0.30658	0.890637	0.890638
-4.64464	0.0172654	0.00450144	0.00451124	0.307185	0.890794	0.890796
-4.60961	0.0198764	0.00512959	0.00512389	0.307882	0.890974	0.890976
-4.57457	0.0214444	0.00544345	0.00541869	0.308633	0.891165	0.891166
-4.53954	0.0225281	0.00553891	0.0055108	0.309422	0.891359	0.891359
-4.5045	0.0245626	0.00580167	0.00578067	0.310283	0.891562	0.891561
-4.46947	0.0283522	0.0063744	0.0063613	0.311276	0.891786	0.891784
-4.43443	0.0340801	0.00699753	0.0069904	0.31247	0.892031	0.892029
-4.3994	0.0415174	0.00724873	0.00724579	0.313925	0.892285	0.892283
-4.36436	0.0503763	0.00723302	0.00723327	0.31569	0.892538	0.892536
-4.32933	0.0591932	0.00740716	0.00741039	0.317763	0.892798	0.892796
-4.29429	0.0662222	0.00795938	0.00796595	0.320083	0.893076	0.893075
-4.25926	0.0709176	0.00883344	0.00884422	0.322568	0.893386	0.893385
-4.22422	0.0738681	0.0099031	0.00991956	0.325156	0.893733	0.893733
-4.18919	0.0770168	0.0111403	0.0111638	0.327854	0.894123	0.894124
-4.15415	0.0834028	0.0127757	0.012803	0.330776	0.894571	0.894572
-4.11912	0.0932392	0.0149513	0.0149662	0.334043	0.895095	0.895097
-4.08408	0.101185	0.0172186	0.0172025	0.337588	0.895698	0.895699
-4.04905	0.103273	0.0190166	0.01897	0.341206	0.896364	0.896364
-4.01401	0.101768	0.0200686	0.020005	0.344772	0.897067	0.897065
-3.97898	0.0996647	0.0201946	0.0201363	0.348263	0.897775	0.89777
-3.94394	0.0986756	0.0196089	0.0195727	0.35172	0.898462	0.898456
-3.90891	0.0997567	0.0189669	0.0189551	0.355215	0.899126	0.89912
-3.87387	0.10319	0.0190704	0.0190805	0.358831	0.899794	0.899789
-3.83884	0.108686	0.020317	0.0203469	0.362639	0.900506	0.900501
-3.8038	0.115443	0.0226249	0.0226709	0.366683	0.901299	0.901296
-3.76877	0.120934	0.0254147	0.0254633	0.37092	0.902189	0.902188
-3.73373	0.119993	0.0274451	0.0274722	0.375124	0.903151	0.90315
-3.6987	0.110424	0.0277066	0.0277074	0.378993	0.904121	0.904121
-3.66366	0.0965339	0.0263908	0.0263785	0.382375	0.905046	0.905045
-3.62863	0.083252	0.0240115	0.0239974	0.385291	0.905887	0.905886
-3.59359	0.072973	0.0208713	0.0208605	0.387848	0.906619	0.906617
-3.55856	0.0672917	0.017908	0.017901	0.390206	0.907246	0.907244
-3.52352	0.0665669	0.0160914	0.0160873	0.392538	0.90781	0.907808
-3.48849	0.0686109	0.0155422	0.0155404	0.394942	0.908354	0.908352
-3.45345	0.0701347	0.0158604	0.015861	0.397399	0.90891	0.908908
-3.41842	0.0698996	0.0167141	0.0167177	0.399848	0.909495	0.909493
-3.38338	0.069133	0.0180418	0.0180497	0.40227	0.910128	0.910126
-3.34835	0.0689133	0.0196618	0.0196754	0.404684	0.910816	0.910815
-3.31331	0.0688399	0.020918	0.0209386	0.407096	0.911549	0.911549
-3.27828	0.0685073	0.0211468	0.0211746	0.409496	0.91229	0.912291
-3.24324	0.0690529	0.0204767	0.0205072	0.411915	0.913008	0.913009
-3.20821	0.0717616	0.0197348	0.0197533	0.41443	0.913699	0.913701
-3.17317	0.0750109	0.0193199	0.0193036	0.417058	0.914376	0.914377
-3.13814	0.0750714	0.0186871	0.0186338	0.419688	0.915031	0.91503
-3.1031	0.071708	0.0174836	0.0174239	0.4222	0.915643	0.915641
-3.06807	0.0692812	0.0163803	0.0163444	0.424627	0.916217	0.916213
-3.03303	0.0718226	0.0162214	0.0162188	0.427144	0.916785	0.916781
-2.998	0.0802688	0.0172218	0.0172465	0.429956	0.917389	0.917386
-2.96296	0.0923298	0.0190905	0.0191258	0.433191	0.918057	0.918056
-2.92793	0.103364	0.0214114	0.0214378	0.436812	0.918808	0.918807
-2.89289	0.108401	0.0234961	0.0234993	0.44061	0.919631	0.91963
-2.85786	0.10538	0.0245901	0.02457	0.444302	0.920492	0.920491
-2.82282	0.0972911	0.0245946	0.0245657	0.44771	0.921354	0.921352
-2.78779	0.0886355	0.0238494	0.0238286	0.450816	0.92219	0.922186
-2.75275	0.0826184	0.0227932	0.0227949	0.45371	0.922988	0.922985
-2.71772	0.0806653	0.0219856	0.0220107	0.456536	0.923758	0.923756
-2.68268	0.0807539	0.0217184	0.0217482	0.459366	0.924519	0.924518
-2.64765	0.0782983	0.0215416	0.0215584	0.462109	0.925274	0.925273
-2.61261	0.0719556	0.020873	0.0208771	0.46463	0.926005	0.926005
-2.57758	0.0637883	0.0196395	0.0196388	0.466865	0.926693	0.926693
-2.54254	0.056454	0.0184664	0.0184664	0.468842	0.92734	0.92734
-2.50751	0.0512864	0.0178036	0.0178059	0.470639	0.927964	0.927964
-2.47247	0.0467367	0.0169784	0.016982	0.472277	0.928559	0.928559
-2.43744	0.0406803	0.0150934	0.0150969	0.473702	0.929088	0.929088
-2.4024	0.0333529	0.0122807	0.0122834	0.47487	0.929518	0.929518
-2.36737	0.0267089	0.00954443	0.00954638	0.475806	0.929852	0.929852
-2.33233	0.0217139	0.00746112	0.00746254	0.476567	0.930114	0.930114
-2.2973	0.0181959	0.00600981	0.00601088	0.477204	0.930324	0.930325
-2.26226	0.0157333	0.00501345	0.00501427	0.477756	0.9305	0.9305
-2.22723	0.013998	0.00432707	0.00432772	0.478246	0.930652	0.930652
-2.19219	0.0127756	0.00385607	0.00385659	0.478694	0.930787	0.930787
-2.15716	0.011903	0.00352778	0.00352821	0.479111	0.93091	0.930911
-2.12212	0.0111931	0.0032555	0.00325585	0.479503	0.931024	0.931025
-2.08709	0.0104975	0.00296914	0.00296945	0.479871	0.931128	0.931129
-2.05205	0.00984617	0.00268611	0.00268637	0.480216	0.931222	0.931223
-2.01702	0.00931506	0.00244672	0.00244695	0.480542	0.931308	0.931308
-1.98198	0.00891303	0.00225745	0.00225765	0.480854	0.931387	0.931388
-1.94695	0.00861783	0.00210854	0.00210871	0.481156	0.931461	0.931461
-1.91191	0.00840711	0.00198971	0.00198986	0.481451	0.931531	0.931531
-1.87688	0.00826475	0.00189345	0.00189359	0.48174	0.931597	0.931598
-1.84184	0.00817996	0.00181464	0.00181476	0.482027	0.931661	0.931661
-1.80681	0.0081457	0.00174977	0.00174988	0.482312	0.931722	0.931722
-1.77177	0.00815756	0.0016964	0.00169649	0.482598	0.931782	0.931782
-1.73674	0.00821306	0.00165277	0.00165285	0.482886	0.931839	0.93184
-1.7017	0.00831129	0.00161765	0.00161773	0.483177	0.931896	0.931896
-1.66667	0.00845274	0.00159016	0.00159023	0.483473	0.931952	0.931952
-1.63163	0.00863936	0.00156971	0.00156978	0.483776	0.932007	0.932007
-1.5966	0.00887476	0.00155598	0.00155603	0.484087	0.932061	0.932062
-1.56156	0.00916457	0.00154886	0.00154891	0.484408	0.932116	0.932116
-1.52653	0.00951654	0.00154849	0.00154853	0.484741	0.93217	0.93217
-1.49149	0.00993867	0.00155512	0.00155516	0.485089	0.932224	0.932225
-1.45646	0.0104313	0.00156865	0.00156868	0.485455	0.932279	0.93228
-1.42142	0.0109832	0.00158837	0.0015884	0.48584	0.932335	0.932335
-1.38639	0.0116034	0.00161498	0.001615	0.486246	0.932391	0.932392
-1.35135	0.0123405	0.00165168	0.00165169	0.486678	0.932449	0.93245
-1.31632	0.0132488	0.00170243	0.00170244	0.487143	0.932509	0.932509
-1.28128	0.0143861	0.001772	0.00177201	0.487647	0.932571	0.932571
-1.24625	0.0158325	0.00186745	0.00186746	0.488201	0.932637	0.932637
-1.21121	0.0177004	0.00199876	0.00199876	0.488821	0.932707	0.932707
-1.17618	0.0200939	0.00217433	0.00217432	0.489525	0.932783	0.932783
-1.14114	0.0229097	0.00237903	0.00237901	0.490328	0.932866	0.932866
-1.10611	0.0255846	0.00254467	0.00254461	0.491224	0.932955	0.932956
-1.07107	0.0277761	0.00262048	0.00262038	0.492198	0.933047	0.933047
-1.03604	0.0302656	0.00267487	0.00267475	0.493258	0.933141	0.933141
-1.001	0.0340592	0.00279569	0.00279554	0.494451	0.933239	0.933239
-0.965966	0.0398697	0.00302348	0.0030233	0.495848	0.933345	0.933345
-0.930931	0.048425	0.00337855	0.0033783	0.497545	0.933463	0.933463
-0.895896	0.0604148	0.00386005	0.00385967	0.499661	0.933598	0.933599
-0.860861	0.0756903	0.00441126	0.00441071	0.502313	0.933753	0.933753
-0.825826	0.092706	0.00496959	0.00496893	0.505561	0.933927	0.933927
-0.790791	0.109343	0.00560381	0.00560322	0.509392	0.934123	0.934123
-0.755756	0.123529	0.00640951	0.00640909	0.51372	0.934348	0.934348
-0.720721	0.134091	0.00733357	0.00733339	0.518418	0.934605	0.934605
-0.685686	0.141056	0.00820061	0.00820071	0.52336	0.934892	0.934892
-0.650651	0.146049	0.00888624	0.00888666	0.528476	0.935203	0.935204
-0.615616	0.152782	0.00949878	0.00949942	0.533829	0.935536	0.935536
-0.580581	0.163615	0.010235	0.0102355	0.539561	0.935895	0.935895
-0.545546	0.176273	0.0111839	0.0111839	0.545737	0.936287	0.936287
-0.510511	0.187207	0.0122914	0.0122908	0.552296	0.936717	0.936717
-0.475475	0.196779	0.0135381	0.0135373	0.55919	0.937191	0.937192
-0.44044	0.206967	0.0149953	0.0149944	0.566441	0.937717	0.937717
-0.405405	0.218328	0.0166785	0.0166776	0.57409	0.938301	0.938301
-0.37037	0.230549	0.0185469	0.0185459	0.582168	0.938951	0.938951
-0.335335	0.243395	0.0205636	0.0205625	0.590695	0.939671	0.939672
-0.3003	0.2565	0.0226824	0.0226812	0.599681	0.940466	0.940466
-0.265265	0.268535	0.0247765	0.0247754	0.60909	0.941334	0.941334
-0.23023	0.276287	0.0265512	0.0265503	0.618769	0.942264	0.942264
-0.195195	0.275656	0.0276181	0.0276176	0.628427	0.943232	0.943232
-0.16016	0.266143	0.0278847	0.0278845	0.637751	0.944209	0.944209
-0.125125	0.251699	0.0276522	0.0276521	0.64657	0.945178	0.945178
-0.0900901	0.236164	0.0272342	0.0272341	0.654844	0.946132	0.946132
-0.0550551	0.221366	0.0267839	0.0267837	0.662599	0.94707	0.94707
-0.02002	0.207869	0.0263467	0.0263465	0.669882	0.947993	0.947993
0.015015	0.195808	0.0259336	0.0259334	0.676742	0.948902	0.948902
0.0500501	0.185264	0.0255551	0.0255549	0.683233	0.949797	0.949797
0.0850851	0.176478	0.0252362	0.0252361	0.689416	0.950681	0.950681
0.12012	0.169766	0.0250645	0.0250644	0.695363	0.951559	0.951559
0.155155	0.164131	0.0250486	0.0250484	0.701114	0.952437	0.952437
0.19019	0.157502	0.024934	0.0249336	0.706632	0.953311	0.953311
0.225225	0.149507	0.0244992	0.0244986	0.71187	0.954169	0.954169
0.26026	0.141352	0.0237687	0.0237682	0.716822	0.955002	0.955002
0.295295	0.134071	0.0229244	0.0229242	0.721519	0.955805	0.955805
0.33033	0.127877	0.0221264	0.0221258	0.725999	0.95658	0.95658
0.365365	0.122093	0.0212668	0.021266	0.730277	0.957325	0.957325
0.4004	0.115796	0.0201344	0.0201342	0.734334	0.958031	0.95803
0.435435	0.109667	0.018881	0.0188819	0.738176	0.958692	0.958692
0.47047	0.105536	0.0179273	0.0179284	0.741874	0.95932	0.95932
0.505506	0.103293	0.0173763	0.0173761	0.745492	0.959929	0.959929
0.540541	0.102542	0.017215	0.0172149	0.749085	0.960532	0.960532
0.575576	0.103027	0.0172595	0.0172618	0.752695	0.961137	0.961137
0.610611	0.103235	0.0170275	0.0170319	0.756311	0.961733	0.961733
0.645646	0.102215	0.0162916	0.0162948	0.759892	0.962304	0.962304
0.680681	0.100081	0.0151843	0.0151828	0.763399	0.962836	0.962836
0.715716	0.0982926	0.0140052	0.0140009	0.766843	0.963327	0.963327
0.750751	0.10043	0.0132965	0.0132949	0.770361	0.963793	0.963792
0.785786	0.107688	0.01333	0.0133335	0.774134	0.96426	0.96426
0.820821	0.117622	0.0139195	0.013927	0.778255	0.964747	0.964748
0.855856	0.128178	0.014907	0.0149119	0.782746	0.965269	0.96527
0.890891	0.136196	0.0160384	0.0160334	0.787517	0.965831	0.965832
0.925926	0.138774	0.0168927	0.0168816	0.792379	0.966423	0.966423
0.960961	0.137934	0.0173981	0.0173933	0.797212	0.967033	0.967033
0.995996	0.136411	0.0176855	0.0176928	0.801991	0.967652	0.967652
1.03103	0.134234	0.0177401	0.0177509	0.806694	0.968274	0.968274
1.06607	0.129632	0.0174638	0.0174662	0.811235	0.968886	0.968886
1.1011	0.12203	0.0168134	0.0168071	0.815511	0.969475	0.969475
1.13614	0.114361	0.0160811	0.0160722	0.819517	0.970038	0.970038
1.17117	0.110396	0.0158012	0.0157953	0.823385	0.970592	0.970592
1.20621	0.111069	0.0162122	0.0162117	0.827276	0.97116	0.97116
1.24124	0.114691	0.01708	0.0170847	0.831295	0.971758	0.971758
1.27628	0.118898	0.0179241	0.0179315	0.83546	0.972386	0.972386
1.31131	0.121342	0.0182988	0.0183033	0.839711	0.973027	0.973028
1.34635	0.121213	0.0181067	0.018105	0.843958	0.973662	0.973662
1.38138	0.121029	0.0177	0.0176949	0.848198	0.974282	0.974282
1.41642	0.12533	0.0178079	0.0178032	0.852589	0.974906	0.974906
1.45145	0.133746	0.0186736	0.0186707	0.857275	0.97556	0.97556
1.48649	0.139633	0.0196971	0.0196958	0.862167	0.97625	0.97625
1.52152	0.138003	0.0201766	0.0201765	0.867002	0.976957	0.976957
1.55656	0.129396	0.0198062	0.0198073	0.871535	0.977651	0.977651
1.59159	0.117748	0.0187607	0.0187633	0.875661	0.978308	0.978308
1.62663	0.10712	0.017426	0.0174305	0.879414	0.978919	0.978919
1.66166	0.0998867	0.0161615	0.016168	0.882913	0.979485	0.979485
1.6967	0.0974159	0.0153669	0.0153739	0.886326	0.980023	0.980024
1.73173	0.0986091	0.0151399	0.0151405	0.889781	0.980554	0.980554
1.76677	0.0992081	0.0149728	0.0149591	0.893257	0.981078	0.981078
1.8018	0.0965528	0.0143109	0.0142911	0.89664	0.98158	0.981579
1.83684	0.0937358	0.0133498	0.0133427	0.899924	0.982047	0.982046
1.87187	0.0963078	0.0129108	0.0129248	0.903298	0.9825	0.982499
1.90691	0.106027	0.0134649	0.0134918	0.907012	0.982971	0.982972
1.94194	0.11845	0.0148036	0.0148211	0.911162	0.98349	0.983491
1.97698	0.126473	0.016299	0.0162949	0.915593	0.984061	0.984062
2.01201	0.128173	0.0174875	0.0174722	0.920084	0.984674	0.984674
2.04705	0.126198	0.018253	0.0182386	0.924505	0.985313	0.985313
2.08208	0.123133	0.018622	0.0186125	0.928819	0.985966	0.985965
2.11712	0.120643	0.0186832	0.0186787	0.933046	0.98662	0.98662
2.15215	0.119669	0.0185524	0.0185526	0.937238	0.98727	0.98727
2.18719	0.119955	0.0183256	0.0183308	0.941441	0.987912	0.987912
2.22222	0.120427	0.0180881	0.018099	0.94566	0.988546	0.988546
2.25726	0.121933	0.0180699	0.0180845	0.949932	0.989179	0.98918
2.29229	0.125211	0.0184789	0.018489	0.954319	0.989826	0.989827
2.32733	0.125582	0.018791	0.0187878	0.958719	0.990485	0.990486
2.36236	0.116331	0.017735	0.0177199	0.962794	0.991106	0.991106
2.3974	0.097651	0.0149429	0.0149266	0.966216	0.99163	0.991629
2.43243	0.0772821	0.0116972	0.0116879	0.968923	0.992039	0.992039
2.46747	0.0609947	0.00908763	0.00908773	0.97106	0.992358	0.992357
2.5025	0.050105	0.00732482	0.00733357	0.972816	0.992614	0.992614
2.53754	0.0433795	0.0062038	0.0062164	0.974335	0.992832	0.992832
2.57257	0.0383008	0.00538265	0.00538964	0.975677	0.99302	0.993021
2.60761	0.0330221	0.00460545	0.00460408	0.976834	0.993182	0.993182
2.64264	0.0280751	0.00389804	0.00389391	0.977818	0.993318	0.993318
2.67768	0.0244694	0.00335817	0.00335472	0.978675	0.993436	0.993436
2.71271	0.0224163	0.00299752	0.00299524	0.97946	0.993541	0.993541
2.74775	0.021673	0.0027788	0.00277741	0.98022	0.993638	0.993638
2.78278	0.0214784	0.00262551	0.00262471	0.980972	0.99373	0.99373
2.81782	0.0204625	0.00243355	0.00243318	0.981689	0.993816	0.993815
2.85285	0.0181388	0.00217965	0.00217964	0.982325	0.993892	0.993892
2.88789	0.0155738	0.00193508	0.00193545	0.98287	0.99396	0.99396
2.92292	0.0136227	0.00174902	0.00174984	0.983347	0.994021	0.994021
2.95796	0.0124229	0.00162652	0.00162786	0.983783	0.994078	0.994078
2.99299	0.0118101	0.00155419	0.00155585	0.984196	0.994132	0.994132
3.02803	0.0113766	0.00149851	0.00149958	0.984595	0.994185	0.994185
3.06306	0.010588	0.00141309	0.00141288	0.984966	0.994234	0.994235
3.0981	0.0094327	0.00129483	0.00129401	0.985297	0.99428	0.99428
3.13313	0.00829043	0.00117551	0.00117479	0.985587	0.994321	0.994321
3.16817	0.00735473	0.0010734	0.00107291	0.985845	0.994359	0.994359
3.2032	0.00663892	0.000991593	0.000991296	0.986077	0.994393	0.994393
3.23824	0.00609877	0.000926689	0.000926517	0.986291	0.994426	0.994426
3.27327	0.00569027	0.000874455	0.00087437	0.98649	0.994456	0.994456
3.30831	0.00537946	0.000831633	0.000831617	0.986679	0.994486	0.994486
3.34334	0.00512939	0.000795533	0.000795585	0.986858	0.994513	0.994513
3.37838	0.00490343	0.000763999	0.00076413	0.98703	0.99454	0.99454
3.41341	0.00470654	0.000736869	0.000737105	0.987195	0.994566	0.994566
3.44845	0.00457115	0.000715282	0.000715647	0.987355	0.994591	0.994591
3.48348	0.00450499	0.000699159	0.000699604	0.987513	0.994616	0.994616
3.51852	0.0044602	0.000684742	0.000685031	0.987669	0.99464	0.99464
3.55355	0.00435373	0.00066553	0.000665455	0.987822	0.994663	0.994663
3.58859	0.00419941	0.000641931	0.000641669	0.987969	0.994685	0.994685
3.62362	0.00409617	0.000620834	0.000620596	0.988113	0.994707	0.994707
3.65866	0.00408649	0.000605646	0.000605481	0.988256	0.994728	0.994728
3.69369	0.00410298	0.000594215	0.000594109	0.988399	0.994749	0.994749
3.72873	0.00399634	0.000580767	0.0005807	0.988539	0.99477	0.99477
3.76376	0.00373529	0.000562486	0.000562445	0.98867	0.994789	0.994789
3.7988	0.00342648	0.000540645	0.000540622	0.98879	0.994808	0.994808
3.83383	0.00314581	0.000518005	0.000517995	0.988901	0.994826	0.994826
3.86887	0.00292	0.000497662	0.000497664	0.989003	0.994844	0.994844
3.9039	0.00274566	0.00048051	0.000480524	0.989099	0.994861	0.994861
3.93894	0.00261022	0.000466062	0.000466092	0.989191	0.994877	0.994877
3.97397	0.00250362	0.000453716	0.000453768	0.989278	0.994893	0.994893
4.00901	0.00242019	0.000443095	0.000443177	0.989363	0.994908	0.994908
4.04404	0.0023569	0.000433992	0.00043411	0.989446	0.994924	0.994924
4.07908	0.00230804	0.000426042	0.000426166	0.989526	0.994938	0.994939
4.11411	0.00225663	0.000418158	0.000418203	0.989606	0.994953	0.994953
4.14915	0.00218439	0.000409116	0.000409053	0.989682	0.994967	0.994967
4.18418	0.00209969	0.000399403	0.000399307	0.989756	0.994981	0.994981
4.21922	0.00202138	0.000390254	0.000390177	0.989826	0.994995	0.994995
4.25425	0.00195638	0.000382143	0.000382092	0.989895	0.995009	0.995009
4.28929	0.00190466	0.000375084	0.000375051	0.989962	0.995022	0.995022
4.32432	0.00186531	0.000369031	0.00036901	0.990027	0.995035	0.995035
4.35936	0.00183607	0.000363838	0.000363825	0.990091	0.995047	0.995047
4.39439	0.00180762	0.000358807	0.0003588	0.990155	0.99506	0.99506
4.42943	0.00176501	0.000352748	0.000352746	0.990217	0.995072	0.995072
4.46446	0.00170904	0.000345648	0.000345649	0.990276	0.995084	0.995084
4.4995	0.00165424	0.000338642	0.000338647	0.990334	0.995096	0.995096
4.53453	0.00160813	0.000332342	0.000332353	0.990391	0.995108	0.995108
4.56957	0.00157159	0.000326805	0.000326824	0.990446	0.995119	0.995119
4.6046	0.00154451	0.000321985	0.000322016	0.9905	0.995131	0.995131
4.63964	0.00152767	0.000317891	0.000317937	0.990553	0.995142	0.995142
4.67467	0.00152139	0.000314517	0.000314577	0.990607	0.995153	0.995153
4.70971	0.00151947	0.0003115	0.000311548	0.99066	0.995164	0.995164
4.74474	0.00150423	0.000307814	0.000307809	0.990713	0.995174	0.995174
4.77978	0.00146772	0.000302958	0.000302912	0.990764	0.995185	0.995185
4.81481	0.00142705	0.000297882	0.000297834	0.990814	0.995196	0.995196
4.84985	0.00139469	0.000293322	0.000293288	0.990863	0.995206	0.995206
4.88488	0.0013641	0.000288994	0.000288972	0.990911	0.995216	0.995216
4.91992	0.00132382	0.000284339	0.000284325	0.990957	0.995226	0.995226
4.95495	0.00127783	0.000279526	0.000279518	0.991002	0.995236	0.995236
4.98999	0.00123571	0.000274991	0.000274985	0.991045	0.995245	0.995245
5.02503	0.00120013	0.000270845	0.000270841	0.991087	0.995255	0.995255
5.06006	0.00116996	0.000267027	0.000267025	0.991128	0.995264	0.995264
5.0951	0.00114374	0.000263462	0.000263462	0.991168	0.995273	0.995273
5.13013	0.00112046	0.000260098	0.0002601	0.991208	0.995283	0.995283
5.16517	0.00109955	0.000256905	0.000256909	0.991246	0.995292	0.995292
5.2002	0.00108079	0.000253869	0.000253877	0.991284	0.9953	0.9953
5.23524	0.00106426	0.000250993	0.000251004	0.991321	0.995309	0.995309
5.27027	0.00105033	0.000248291	0.000248309	0.991358	0.995318	0.995318
5.30531	0.00103945	0.000245785	0.000245811	0.991394	0.995327	0.995327
5.34034	0.00103133	0.000243457	0.000243486	0.991431	0.995335	0.995335
5.37538	0.00102295	0.000241157	0.00024117	0.991466	0.995343	0.995343
5.41041	0.00101059	0.00023868	0.000238669	0.991502	0.995352	0.995352
5.44545	0.000996669	0.000236132	0.000236112	0.991537	0.99536	0.99536
5.48048	0.000986049	0.00023377	0.000233753	0.991571	0.995368	0.995368
5.51552	0.000977391	0.000231585	0.000231574	0.991606	0.995376	0.995376
5.55055	0.000962754	0.000229245	0.000229238	0.991639	0.995384	0.995384
5.58559	0.000938897	0.000226515	0.00022651	0.991672	0.995392	0.995392
5.62062	0.000912431	0.000223638	0.000223635	0.991704	0.9954	0.9954
5.65566	0.000888807	0.0002209	0.000220897	0.991735	0.995408	0.995408
5.69069	0.000868817	0.000218361	0.00021836	0.991766	0.995416	0.995416
5.72573	0.000851622	0.000215988	0.000215987	0.991796	0.995423	0.995423
5.76076	0.000836375	0.000213739	0.000213738	0.991825	0.995431	0.995431
5.7958	0.000822501	0.000211585	0.000211584	0.991854	0.995438	0.995438
5.83083	0.000809646	0.000209507	0.000209507	0.991882	0.995445	0.995445
5.86587	0.000797591	0.000207494	0.000207495	0.99191	0.995453	0.995453
5.9009	0.000786206	0.000205539	0.000205539	0.991938	0.99546	0.99546
5.93594	0.000775416	0.000203636	0.000203637	0.991965	0.995467	0.995467
5.97097	0.000765184	0.000201783	0.000201784	0.991991	0.995474	0.995474
6.00601	0.000755509	0.000199978	0.00019998	0.992018	0.995481	0.995481
6.04104	0.000746424	0.000198222	0.000198223	0.992044	0.995488	0.995488
6.07608	0.000738008	0.000196514	0.000196517	0.99207	0.995495	0.995495
6.11111	0.000730403	0.000194861	0.000194864	0.992096	0.995502	0.995502
6.14615	0.000723854	0.000193267	0.000193273	0.992121	0.995509	0.995509
6.18118	0.000718765	0.000191746	0.000191754	0.992146	0.995515	0.995515
6.21622	0.000715728	0.000190316	0.000190329	0.992171	0.995522	0.995522
6.25125	0.000715322	0.000188999	0.000189019	0.992196	0.995529	0.995529
6.28629	0.000717133	0.000187801	0.00018783	0.992221	0.995535	0.995535
6.32132	0.0007186	0.000186677	0.000186712	0.992247	0.995542	0.995542
6.35636	0.000716785	0.000185537	0.000185554	0.992272	0.995548	0.995548
6.39139	0.000709458	0.000184236	0.000184204	0.992296	0.995555	0.995555
6.42643	0.000696715	0.000182716	0.000182652	0.992321	0.995561	0.995561
6.46146	0.00068364	0.000181192	0.000181134	0.992345	0.995567	0.995567
6.4965	0.000674192	0.000179859	0.000179819	0.992368	0.995574	0.995574
6.53153	0.000667653	0.000178658	0.000178633	0.992392	0.99558	0.99558
6.56657	0.000660045	0.000177317	0.000177303	0.992415	0.995586	0.995586
6.6016	0.000649695	0.000175729	0.000175722	0.992438	0.995592	0.995592
6.63664	0.000639528	0.000174121	0.000174121	0.99246	0.995598	0.995598
6.67167	0.00063187	0.00017267	0.000172675	0.992482	0.995604	0.995604
6.70671	0.000627212	0.000171406	0.000171417	0.992504	0.99561	0.99561
6.74174	0.00062566	0.000170327	0.000170344	0.992526	0.995616	0.995616
6.77678	0.000627684	0.000169444	0.000169473	0.992548	0.995622	0.995622
6.81181	0.000634407	0.000168806	0.000168851	0.99257	0.995628	0.995628
6.84685	0.000647872	0.000168504	0.000168574	0.992593	0.995634	0.995634
6.88188	0.000671192	0.000168687	0.000168792	0.992617	0.99564	0.99564
6.91692	0.000707443	0.000169527	0.000169664	0.992641	0.995646	0.995646
6.95195	0.000754294	0.000171019	0.000171126	0.992668	0.995652	0.995652
6.98699	0.000797216	0.000172639	0.000172604	0.992696	0.995658	0.995658
7.02202	0.000820145	0.000173524	0.00017336	0.992724	0.995664	0.995664
7.05706	0.00081515	0.000172739	0.000172567	0.992753	0.99567	0.99567
7.09209	0.000776991	0.000169714	0.000169587	0.99278	0.995676	0.995676
7.12713	0.000720946	0.000165644	0.000165561	0.992806	0.995682	0.995682
7.16216	0.00066985	0.000161992	0.000161941	0.992829	0.995688	0.995688
7.1972	0.000633028	0.000159173	0.000159145	0.992851	0.995693	0.995693
7.23223	0.000609478	0.000157057	0.000157045	0.992873	0.995699	0.995699
7.26727	0.00059608	0.000155452	0.000155453	0.992893	0.995704	0.995704
7.3023	0.000590754	0.000154232	0.000154248	0.992914	0.99571	0.99571
7.33734	0.000592894	0.000153346	0.000153378	0.992935	0.995715	0.995715
7.37237	0.000603359	0.000152806	0.000152861	0.992956	0.99572	0.99572
7.40741	0.000624697	0.000152693	0.000152782	0.992978	0.995726	0.995726
7.44244	0.000661583	0.000153169	0.000153308	0.993001	0.995731	0.995731
7.47748	0.000720468	0.000154466	0.000154673	0.993026	0.995736	0.995736
7.51251	0.00080385	0.000156692	0.000156951	0.993054	0.995742	0.995742
7.54755	0.000889945	0.000159106	0.000159289	0.993086	0.995747	0.995747
7.58258	0.00092106	0.000159624	0.000159553	0.993118	0.995753	0.995753
7.61762	0.000877051	0.000157387	0.000157139	0.993149	0.995759	0.995759
7.65265	0.000815372	0.00015445	0.00015421	0.993177	0.995764	0.995764
7.68769	0.000781978	0.000152532	0.000152361	0.993205	0.995769	0.995769
7.72272	0.000778316	0.000151573	0.000151463	0.993232	0.995775	0.995775
7.75776	0.000775587	0.000150329	0.000150259	0.993259	0.99578	0.99578
7.79279	0.000743338	0.000147935	0.000147891	0.993285	0.995785	0.995785
7.82783	0.00068775	0.000145024	0.000144997	0.993309	0.99579	0.99579
7.86286	0.000636049	0.000142472	0.000142459	0.993332	0.995795	0.995795
7.8979	0.000600711	0.000140533	0.00014053	0.993353	0.9958	0.9958
7.93293	0.000581177	0.000139124	0.000139131	0.993373	0.995805	0.995805
7.96797	0.000574575	0.000138132	0.00013815	0.993393	0.99581	0.99581
8.003	0.000579475	0.000137503	0.000137535	0.993413	0.995815	0.995815
8.03804	0.000596513	0.000137246	0.000137298	0.993434	0.995819	0.995819
8.07307	0.000628709	0.000137442	0.000137524	0.993456	0.995824	0.995824
8.10811	0.000682197	0.000138262	0.000138389	0.99348	0.995829	0.995829
8.14314	0.000767152	0.000139992	0.000140187	0.993507	0.995834	0.995834
8.17818	0.000896299	0.000142981	0.000143257	0.993538	0.995839	0.995839
8.21321	0.00107079	0.000147205	0.0001475	0.993576	0.995844	0.995844
8.24825	0.00124221	0.000151114	0.000151207	0.993619	0.995849	0.995849
8.28328	0.00131132	0.000151789	0.000151553	0.993665	0.995855	0.995855
8.31832	0.00123504	0.000148674	0.000148318	0.993709	0.99586	0.99586
8.35335	0.00107796	0.000144252	0.000143961	0.993746	0.995865	0.995865
8.38839	0.000936241	0.000140903	0.000140705	0.993779	0.99587	0.99587
8.42342	0.000851301	0.000139423	0.000139298	0.993809	0.995875	0.995875
8.45846	0.0008143	0.000139327	0.00013925	0.993838	0.99588	0.99588
8.49349	0.000788293	0.000138904	0.000138859	0.993865	0.995885	0.995885
8.52853	0.000739946	0.000136572	0.000136551	0.993891	0.995889	0.995889
8.56356	0.000681502	0.000133206	0.000133204	0.993915	0.995894	0.995894
8.5986	0.000638208	0.000130321	0.000130336	0.993937	0.995899	0.995899
8.63363	0.000617705	0.000128366	0.000128403	0.993959	0.995903	0.995903
8.66867	0.000619645	0.000127274	0.000127338	0.993981	0.995908	0.995908
8.7037	0.000644963	0.000126968	0.000127073	0.994003	0.995912	0.995912
8.73874	0.000698882	0.000127508	0.000127674	0.994028	0.995916	0.995916
8.77377	0.000791608	0.000129098	0.000129351	0.994056	0.995921	0.995921
8.80881	0.000934174	0.000131971	0.000132312	0.994088	0.995926	0.995926
8.84384	0.00111626	0.000135805	0.000136115	0.994127	0.99593	0.99593
8.87888	0.0012646	0.00013871	0.000138732	0.994172	0.995935	0.995935
8.91391	0.00127338	0.000138311	0.000138027	0.994216	0.99594	0.99594
8.94895	0.00114677	0.000135277	0.00013494	0.994256	0.995945	0.995945
8.98398	0.00100025	0.000132488	0.000132231	0.994292	0.995949	0.995949
9.01902	0.000911718	0.000131674	0.000131502	0.994323	0.995954	0.995954
9.05405	0.000890671	0.000133008	0.000132896	0.994355	0.995959	0.995959
9.08909	0.000903523	0.000135085	0.000135012	0.994386	0.995963	0.995963
9.12412	0.000882228	0.000134691	0.000134643	0.994417	0.995968	0.995968
9.15916	0.00079879	0.00013058	0.000130548	0.994445	0.995973	0.995973
9.19419	0.000702022	0.000125422	0.000125401	0.99447	0.995977	0.995977
9.22923	0.000630389	0.000121282	0.00012127	0.994492	0.995981	0.995981
9.26426	0.000589276	0.00011844	0.000118435	0.994513	0.995986	0.995986
9.2993	0.000574677	0.000116627	0.000116629	0.994533	0.99599	0.99599
9.33433	0.000584479	0.00011561	0.000115621	0.994553	0.995994	0.995994
9.36937	0.000619595	0.000115279	0.0001153	0.994575	0.995998	0.995998
9.4044	0.000678269	0.000115549	0.000115584	0.994599	0.996002	0.996002
9.43944	0.000741076	0.000116135	0.000116191	0.994625	0.996006	0.996006
9.47447	0.000774859	0.000116607	0.000116696	0.994652	0.99601	0.99601
9.50951	0.00078943	0.0001172	0.00011734	0.994679	0.996014	0.996014
9.54454	0.000832968	0.000118751	0.000118961	0.994709	0.996018	0.996018
9.57958	0.000930113	0.000121725	0.000121989	0.994741	0.996022	0.996022
9.61461	0.0010518	0.000125391	0.000125558	0.994778	0.996027	0.996027
9.64965	0.00110359	0.000127214	0.000127056	0.994817	0.996031	0.996031
9.68468	0.00103589	0.000125748	0.000125349	0.994853	0.996036	0.996036
9.71972	0.000931953	0.000123377	0.000122997	0.994886	0.99604	0.99604
9.75475	0.000866787	0.000122293	0.000122027	0.994916	0.996044	0.996044
9.78979	0.000829784	0.00012176	0.000121594	0.994945	0.996049	0.996049
9.82482	0.000769155	0.000119481	0.000119383	0.994972	0.996053	0.996053
9.85986	0.000680726	0.000115433	0.000115381	0.994996	0.996057	0.996057
9.89489	0.000602664	0.000111541	0.000111523	0.995017	0.996061	0.996061
9.92993	0.000553154	0.000108711	0.000108722	0.995036	0.996065	0.996065
9.96496	0.000531757	0.000106906	0.000106949	0.995055	0.996068	0.996068
10	0.000534062	0.00010591	0.000105992	0.995074	0.996072	0.996072
